['ant_Base', 0.5, 0.46, 0.42857142857142855, 0.4489795918367347, 0.46808510638297873, 0.55, 0.46296296296296297, 0.4426229508196721, 0.36, 0.559322033898305, 0.49056603773584906, 0.4727272727272727, 0.4727272727272727, 0.55, 0.4909090909090909, 0.48, 0.4339622641509434, 0.532258064516129, 0.53125, 0.4807692307692308, 0.5245901639344263, 0.4745762711864407, 0.44, 0.48148148148148145]
['ant_0.25', 0.5454545454545454, 0.45, 0.5230769230769231, 0.6363636363636364, 0.5555555555555556, 0.5932203389830508, 0.6440677966101694, 0.5263157894736842, 0.5769230769230769, 0.5535714285714286, 0.4727272727272727, 0.5636363636363636, 0.5666666666666667, 0.6166666666666667, 0.5882352941176471, 0.52, 0.44, 0.5111111111111111, 0.5192307692307693, 0.5192307692307693, 0.6190476190476191, 0.5306122448979592, 0.4489795918367347, 0.6111111111111112]
['ant_0.5', 0.6101694915254238, 0.6666666666666666, 0.6181818181818182, 0.45614035087719296, 0.5106382978723404, 0.6551724137931034, 0.68, 0.6785714285714286, 0.6140350877192983, 0.5510204081632653, 0.6153846153846154, 0.6065573770491803, 0.7222222222222222, 0.6333333333333333, 0.6379310344827587, 0.64, 0.5357142857142857, 0.6730769230769231, 0.6326530612244898, 0.6226415094339622, 0.5925925925925926, 0.673469387755102, 0.7058823529411765, 0.5531914893617021]
['ant_0.75', 0.75, 0.6379310344827587, 0.6825396825396826, 0.5769230769230769, 0.5510204081632653, 0.5789473684210527, 0.4716981132075472, 0.6379310344827587, 0.6724137931034483, 0.6458333333333334, 0.5555555555555556, 0.6363636363636364, 0.7, 0.6935483870967742, 0.5423728813559322, 0.5555555555555556, 0.7540983606557377, 0.559322033898305, 0.65, 0.72, 0.6181818181818182, 0.6428571428571429, 0.5714285714285714, 0.5892857142857143]
['ant_0.25_w', 0.5818181818181818, 0.5714285714285714, 0.5384615384615384, 0.6415094339622641, 0.46153846153846156, 0.48214285714285715, 0.5789473684210527, 0.5, 0.6666666666666666, 0.5272727272727272, 0.5254237288135594, 0.5614035087719298, 0.46938775510204084, 0.6181818181818182, 0.46808510638297873, 0.5306122448979592, 0.5964912280701754, 0.28888888888888886, 0.5344827586206896, 0.46, 0.49122807017543857, 0.5964912280701754, 0.5087719298245614, 0.5263157894736842]
['ant_0.5_w', 0.6607142857142857, 0.7272727272727273, 0.3541666666666667, 0.6290322580645161, 0.703125, 0.55, 0.6984126984126984, 0.6229508196721312, 0.6226415094339622, 0.5714285714285714, 0.5178571428571429, 0.6363636363636364, 0.7413793103448276, 0.6153846153846154, 0.6610169491525424, 0.5892857142857143, 0.6470588235294118, 0.5957446808510638, 0.58, 0.7037037037037037, 0.6415094339622641, 0.5737704918032787, 0.34615384615384615, 0.5490196078431373]
['ant_0.75_w', 0.5517241379310345, 0.68, 0.6730769230769231, 0.5660377358490566, 0.5882352941176471, 0.5384615384615384, 0.6964285714285714, 0.64, 0.6206896551724138, 0.6666666666666666, 0.6428571428571429, 0.5535714285714286, 0.6612903225806451, 0.5769230769230769, 0.509090909090909, 0.7, 0.6415094339622641, 0.4642857142857143, 0.6290322580645161, 0.6666666666666666, 0.6, 0.7096774193548387, 0.55, 0.6071428571428571]
['ant_0.25_w_iP(50%)', 0.5925925925925926, 0.5892857142857143, 0.6206896551724138, 0.6607142857142857, 0.5409836065573771, 0.5370370370370371, 0.5714285714285714, 0.5862068965517241, 0.5263157894736842, 0.576271186440678, 0.5862068965517241, 0.5471698113207547, 0.5245901639344263, 0.5818181818181818, 0.5573770491803278, 0.6206896551724138, 0.6507936507936508, 0.6727272727272727, 0.5862068965517241, 0.574468085106383, 0.5806451612903226, 0.6226415094339622, 0.6470588235294118, 0.5666666666666667]
['ant_0.5_w_iP(50%)', 0.6785714285714286, 0.7254901960784313, 0.7142857142857143, 0.7017543859649122, 0.5740740740740741, 0.7931034482758621, 0.7037037037037037, 0.7857142857142857, 0.6166666666666667, 0.6379310344827587, 0.673469387755102, 0.6481481481481481, 0.7454545454545455, 0.7142857142857143, 0.5660377358490566, 0.6041666666666666, 0.85, 0.6415094339622641, 0.49056603773584906, 0.6, 0.7857142857142857, 0.6792452830188679, 0.75, 0.7692307692307693]
['ant_0.75_w_iP(50%)', 0.7543859649122807, 0.5882352941176471, 0.7222222222222222, 0.7230769230769231, 0.7966101694915254, 0.6271186440677966, 0.8305084745762712, 0.8245614035087719, 0.7924528301886793, 0.6862745098039216, 0.6842105263157895, 0.7358490566037735, 0.7454545454545455, 0.6981132075471698, 0.828125, 0.6666666666666666, 0.8666666666666667, 0.6333333333333333, 0.8387096774193549, 0.6545454545454545, 0.4838709677419355, 0.7868852459016393, 0.74, 0.7636363636363637]
