['ant_Base', 0.03389830508474576, 0.03389830508474576, 0.03389830508474576, 0.03389830508474576, 0.03389830508474576, 0.03389830508474576, 0.03389830508474576, 0.03389830508474576, 0.03389830508474576, 0.03389830508474576, 0.03389830508474576, 0.03389830508474576, 0.03389830508474576, 0.03389830508474576, 0.03389830508474576, 0.03389830508474576, 0.03389830508474576, 0.03389830508474576, 0.03389830508474576, 0.03389830508474576, 0.03389830508474576, 0.03389830508474576, 0.03389830508474576, 0.03389830508474576]
['ant_0.25', 0.3389830508474576, 0.2711864406779661, 0.4067796610169492, 0.3559322033898305, 0.4067796610169492, 0.288135593220339, 0.3389830508474576, 0.3898305084745763, 0.3898305084745763, 0.3389830508474576, 0.3389830508474576, 0.3050847457627119, 0.3728813559322034, 0.3728813559322034, 0.3389830508474576, 0.3220338983050847, 0.3050847457627119, 0.3220338983050847, 0.3220338983050847, 0.3559322033898305, 0.3728813559322034, 0.3898305084745763, 0.288135593220339, 0.288135593220339]
['ant_0.5', 0.4406779661016949, 0.3559322033898305, 0.3898305084745763, 0.6101694915254238, 0.4915254237288136, 0.559322033898305, 0.5084745762711864, 0.5254237288135594, 0.559322033898305, 0.559322033898305, 0.4745762711864407, 0.5932203389830508, 0.3898305084745763, 0.5084745762711864, 0.6440677966101694, 0.3898305084745763, 0.4067796610169492, 0.6779661016949152, 0.6101694915254238, 0.4576271186440678, 0.6271186440677966, 0.559322033898305, 0.4745762711864407, 0.6440677966101694]
['ant_0.75', 0.7288135593220338, 0.7966101694915254, 0.5423728813559322, 0.423728813559322, 0.6779661016949152, 0.288135593220339, 0.6101694915254238, 0.6610169491525424, 0.6101694915254238, 0.847457627118644, 0.8305084745762712, 0.7457627118644068, 0.6440677966101694, 0.711864406779661, 0.6949152542372882, 0.4915254237288136, 0.7966101694915254, 0.7288135593220338, 0.559322033898305, 0.6440677966101694, 0.6271186440677966, 0.6440677966101694, 0.4915254237288136, 0.3728813559322034]
['ant_0.25_w', 0.4406779661016949, 0.3728813559322034, 0.3389830508474576, 0.2711864406779661, 0.3050847457627119, 0.3728813559322034, 0.3559322033898305, 0.2711864406779661, 0.3220338983050847, 0.4406779661016949, 0.3220338983050847, 0.3050847457627119, 0.3389830508474576, 0.3389830508474576, 0.3050847457627119, 0.3728813559322034, 0.4576271186440678, 0.2711864406779661, 0.3898305084745763, 0.4406779661016949, 0.2542372881355932, 0.423728813559322, 0.3728813559322034, 0.3728813559322034]
['ant_0.5_w', 0.4745762711864407, 0.4576271186440678, 0.3389830508474576, 0.7288135593220338, 0.4406779661016949, 0.3898305084745763, 0.6101694915254238, 0.559322033898305, 0.4067796610169492, 0.5932203389830508, 0.4406779661016949, 0.3898305084745763, 0.4406779661016949, 0.6610169491525424, 0.6779661016949152, 0.3050847457627119, 0.4406779661016949, 0.559322033898305, 0.5932203389830508, 0.3389830508474576, 0.3389830508474576, 0.5423728813559322, 0.6949152542372882, 0.4406779661016949]
['ant_0.75_w', 0.847457627118644, 0.7288135593220338, 0.864406779661017, 0.6440677966101694, 0.847457627118644, 0.7288135593220338, 0.8305084745762712, 0.7288135593220338, 0.7627118644067796, 0.7796610169491526, 0.8983050847457628, 0.6101694915254238, 0.6949152542372882, 0.7288135593220338, 0.5084745762711864, 0.711864406779661, 0.6271186440677966, 0.5254237288135594, 0.6440677966101694, 0.23728813559322035, 0.576271186440678, 0.7966101694915254, 0.6610169491525424, 0.4576271186440678]
['ant_0.25_w_iP(50%)', 0.0847457627118644, 0.15254237288135594, 0.1864406779661017, 0.1016949152542373, 0.1016949152542373, 0.1864406779661017, 0.1864406779661017, 0.0847457627118644, 0.1016949152542373, 0.0847457627118644, 0.15254237288135594, 0.11864406779661017, 0.15254237288135594, 0.1694915254237288, 0.2033898305084746, 0.1864406779661017, 0.13559322033898305, 0.1694915254237288, 0.1864406779661017, 0.11864406779661017, 0.13559322033898305, 0.1694915254237288, 0.13559322033898305, 0.1016949152542373]
['ant_0.5_w_iP(50%)', 0.3220338983050847, 0.22033898305084745, 0.288135593220339, 0.23728813559322035, 0.2542372881355932, 0.1864406779661017, 0.1864406779661017, 0.3220338983050847, 0.1694915254237288, 0.3559322033898305, 0.2542372881355932, 0.3220338983050847, 0.3389830508474576, 0.1864406779661017, 0.2542372881355932, 0.23728813559322035, 0.13559322033898305, 0.2711864406779661, 0.2711864406779661, 0.3220338983050847, 0.22033898305084745, 0.3220338983050847, 0.4067796610169492, 0.23728813559322035]
['ant_0.75_w_iP(50%)', 0.3728813559322034, 0.5423728813559322, 0.3728813559322034, 0.4406779661016949, 0.288135593220339, 0.4067796610169492, 0.3559322033898305, 0.4915254237288136, 0.2542372881355932, 0.15254237288135594, 0.559322033898305, 0.1694915254237288, 0.2711864406779661, 0.3559322033898305, 0.4067796610169492, 0.4915254237288136, 0.5084745762711864, 0.4576271186440678, 0.3728813559322034, 0.3389830508474576, 0.4576271186440678, 0.559322033898305, 0.5932203389830508, 0.3559322033898305]
