['ant_Base', -0.13043478260869565, -0.017241379310344827, -0.03225806451612903, -0.0, -0.046875, -0.09090909090909091, -0.12857142857142856, -0.1111111111111111, -0.015873015873015872, -0.03278688524590164, -0.016129032258064516, -0.03278688524590164, -0.016129032258064516, -0.1076923076923077, -0.09375, -0.078125, -0.15714285714285714, -0.1076923076923077, -0.04918032786885246, -0.09230769230769231, -0.03125, -0.017543859649122806, -0.047619047619047616, -0.06349206349206349] , 59.0
['ant_0.25', -0.15384615384615385, -0.06666666666666667, -0.13432835820895522, -0.22388059701492538, -0.0625, -0.046153846153846156, -0.13846153846153847, -0.13846153846153847, -0.13636363636363635, -0.1111111111111111, -0.0, -0.109375, -0.06349206349206349, -0.015384615384615385, -0.08064516129032258, -0.125, -0.1111111111111111, -0.06153846153846154, -0.07692307692307693, -0.03225806451612903, -0.12307692307692308, -0.03076923076923077, -0.12307692307692308, -0.15384615384615385] , 57.0
['ant_0.5', -0.4032258064516129, -0.20634920634920634, -0.4, -0.3125, -0.2786885245901639, -0.2833333333333333, -0.11475409836065574, -0.30158730158730157, -0.0847457627118644, -0.0625, -0.1206896551724138, -0.2903225806451613, -0.15254237288135594, -0.0847457627118644, -0.1774193548387097, -0.03333333333333333, -0.12903225806451613, -0.2033898305084746, -0.288135593220339, -0.1746031746031746, -0.1774193548387097, -0.27419354838709675, -0.25806451612903225, -0.13793103448275862] , 50.0
['ant_0.75', -0.08955223880597014, -0.532258064516129, -0.484375, -0.359375, -0.109375, -0.18032786885245902, -0.16129032258064516, -0.6065573770491803, -0.13559322033898305, -0.5483870967741935, -0.7142857142857143, -0.09836065573770492, -0.4918032786885246, -0.25, -0.23076923076923078, -0.4262295081967213, -0.2878787878787879, -0.6153846153846154, -0.5671641791044776, -0.08333333333333333, -0.15151515151515152, -0.463768115942029, -0.21311475409836064, -0.5079365079365079] , 44.0
['ant_0.25_w', -0.08064516129032258, -0.0967741935483871, -0.13846153846153847, -0.0625, -0.015873015873015872, -0.015625, -0.06060606060606061, -0.1111111111111111, -0.06557377049180328, -0.015873015873015872, -0.017241379310344827, -0.04838709677419355, -0.0, -0.03225806451612903, -0.06557377049180328, -0.03225806451612903, -0.11940298507462686, -0.1935483870967742, -0.11290322580645161, -0.1746031746031746, -0.046153846153846156, -0.015873015873015872, -0.1791044776119403, -0.125] , 57.5
['ant_0.5_w', -0.140625, -0.38095238095238093, -0.23076923076923078, -0.1774193548387097, -0.15625, -0.3125, -0.2698412698412698, -0.125, -0.3125, -0.171875, -0.109375, -0.016129032258064516, -0.4032258064516129, -0.03225806451612903, -0.0, -0.23333333333333334, -0.2903225806451613, -0.34375, -0.3709677419354839, -0.15873015873015872, -0.2857142857142857, -0.2459016393442623, -0.23809523809523808, -0.36507936507936506] , 47.0
['ant_0.75_w', -0.22033898305084745, -0.6666666666666666, -0.5857142857142857, -0.7076923076923077, -0.21666666666666667, -0.2459016393442623, -0.16129032258064516, -0.2647058823529412, -0.43548387096774194, -0.07936507936507936, -0.3384615384615385, -0.6612903225806451, -0.15384615384615385, -0.6984126984126984, -0.47692307692307695, -0.6190476190476191, -0.4393939393939394, -0.4032258064516129, -0.6119402985074627, -0.5238095238095238, -0.3333333333333333, -0.06153846153846154, -0.5692307692307692, -0.8333333333333334] , 36.0
['ant_0.25_w_iP(25%)', -0.01639344262295082, -0.078125, -0.016129032258064516, -0.03278688524590164, -0.1323529411764706, -0.030303030303030304, -0.13846153846153847, -0.12857142857142856, -0.046875, -0.10294117647058823, -0.0, -0.03333333333333333, -0.0625, -0.06153846153846154, -0.078125, -0.015625, -0.08955223880597014, -0.0, -0.047619047619047616, -0.03225806451612903, -0.016666666666666666, -0.0, -0.017241379310344827, -0.03225806451612903] , 60.0
['ant_0.25_w_iP(50%)', -0.015625, -0.08064516129032258, -0.016129032258064516, -0.015873015873015872, -0.0, -0.03076923076923077, -0.015625, -0.0, -0.09523809523809523, -0.0, -0.1111111111111111, -0.03278688524590164, -0.031746031746031744, -0.04838709677419355, -0.031746031746031744, -0.08955223880597014, -0.031746031746031744, -0.015625, -0.09230769230769231, -0.1111111111111111, -0.03333333333333333, -0.045454545454545456, -0.03278688524590164, -0.016129032258064516] , 61.0
['ant_0.5_w_iP(25%)', -0.0, -0.0, -0.015873015873015872, -0.047619047619047616, -0.03333333333333333, -0.0, -0.0, -0.04918032786885246, -0.031746031746031744, -0.01639344262295082, -0.08064516129032258, -0.0, -0.015873015873015872, -0.0, -0.0625, -0.01639344262295082, -0.01639344262295082, -0.046875, -0.047619047619047616, -0.016129032258064516, -0.06060606060606061, -0.06349206349206349, -0.047619047619047616, -0.016129032258064516] , 60.0
['ant_0.5_w_iP(50%)', -0.09523809523809523, -0.11475409836065574, -0.09375, -0.016666666666666666, -0.10294117647058823, -0.015625, -0.046875, -0.19402985074626866, -0.03125, -0.21875, -0.04918032786885246, -0.1111111111111111, -0.08196721311475409, -0.029850746268656716, -0.06153846153846154, -0.13846153846153847, -0.0625, -0.04838709677419355, -0.0, -0.125, -0.046875, -0.03278688524590164, -0.03278688524590164, -0.04838709677419355] , 59.0
['ant_0.75_w_iP(25%)', -0.015625, -0.0, -0.0, -0.03225806451612903, -0.0, -0.03225806451612903, -0.12307692307692308, -0.07692307692307693, -0.014925373134328358, -0.031746031746031744, -0.0, -0.09375, -0.08196721311475409, -0.015625, -0.07936507936507936, -0.06349206349206349, -0.0, -0.140625, -0.07936507936507936, -0.09230769230769231, -0.04477611940298507, -0.017241379310344827, -0.07936507936507936, -0.0] , 60.0
['ant_0.75_w_iP(50%)', -0.5081967213114754, -0.23076923076923078, -0.11864406779661017, -0.01639344262295082, -0.4262295081967213, -0.21311475409836064, -0.05084745762711865, -0.23809523809523808, -0.3220338983050847, -0.2542372881355932, -0.03125, -0.078125, -0.05, -0.1694915254237288, -0.1724137931034483, -0.3559322033898305, -0.11290322580645161, -0.03076923076923077, -0.05084745762711865, -0.12698412698412698, -0.0, -0.1694915254237288, -0.16393442622950818, -0.21311475409836064] , 50.5
