['ant_Base', 0.43636363636363634, 0.5, 0.5625, 0.49122807017543857, 0.4, 0.42, 0.4, 0.543859649122807, 0.46938775510204084, 0.46296296296296297, 0.4423076923076923, 0.5806451612903226]
['ant_0.25', 0.4897959183673469, 0.4583333333333333, 0.5098039215686274, 0.5535714285714286, 0.5892857142857143, 0.6111111111111112, 0.5636363636363636, 0.5166666666666667, 0.5535714285714286, 0.5789473684210527, 0.609375, 0.52]
['ant_0.5', 0.5517241379310345, 0.5384615384615384, 0.44642857142857145, 0.6842105263157895, 0.54, 0.6470588235294118, 0.68, 0.6140350877192983, 0.6428571428571429, 0.6071428571428571, 0.52, 0.5862068965517241]
['ant_0.75', 0.7037037037037037, 0.7213114754098361, 0.4339622641509434, 0.5964912280701754, 0.6724137931034483, 0.5434782608695652, 0.6727272727272727, 0.8181818181818182, 0.4642857142857143, 0.6071428571428571, 0.6071428571428571, 0.49019607843137253]
['ant_0.25_w', 0.47368421052631576, 0.5, 0.5384615384615384, 0.42, 0.4489795918367347, 0.5490196078431373, 0.48, 0.5925925925925926, 0.5666666666666667, 0.44, 0.5357142857142857, 0.5]
['ant_0.5_w', 0.53125, 0.6065573770491803, 0.5, 0.6333333333333333, 0.631578947368421, 0.75, 0.54, 0.47058823529411764, 0.7142857142857143, 0.5625, 0.5535714285714286, 0.6153846153846154]
['ant_0.75_w', 0.6086956521739131, 0.6730769230769231, 0.6271186440677966, 0.5636363636363636, 0.7192982456140351, 0.6111111111111112, 0.6037735849056604, 0.6140350877192983, 0.5614035087719298, 0.4915254237288136, 0.5818181818181818, 0.6481481481481481]
['ant_0.25_w_iP(25%)', 0.425531914893617, 0.4716981132075472, 0.3958333333333333, 0.391304347826087, 0.43333333333333335, 0.38, 0.4339622641509434, 0.5614035087719298, 0.3958333333333333, 0.4423076923076923, 0.43137254901960786, 0.41509433962264153]
['ant_0.25_w_iP(50%)', 0.631578947368421, 0.5416666666666666, 0.5967741935483871, 0.5901639344262295, 0.6333333333333333, 0.5869565217391305, 0.6170212765957447, 0.6666666666666666, 0.625, 0.5686274509803921, 0.6, 0.6363636363636364]
['ant_0.25_w_iP(75%)', 0.5818181818181818, 0.48214285714285715, 0.6346153846153846, 0.49122807017543857, 0.3269230769230769, 0.576271186440678, 0.4791666666666667, 0.5892857142857143, 0.6271186440677966, 0.5789473684210527, 0.5357142857142857, 0.6296296296296297]
['ant_0.5_w_iP(25%)', 0.4915254237288136, 0.4117647058823529, 0.5254237288135594, 0.4918032786885246, 0.3877551020408163, 0.42, 0.49019607843137253, 0.39622641509433965, 0.3673469387755102, 0.49122807017543857, 0.4576271186440678, 0.46296296296296297]
['ant_0.5_w_iP(50%)', 0.625, 0.7454545454545455, 0.6842105263157895, 0.5714285714285714, 0.6041666666666666, 0.7301587301587301, 0.7230769230769231, 0.625, 0.64, 0.6610169491525424, 0.7540983606557377, 0.7333333333333333]
['ant_0.5_w_iP(75%)', 0.6481481481481481, 0.64, 0.6595744680851063, 0.6229508196721312, 0.42857142857142855, 0.6140350877192983, 0.49019607843137253, 0.5306122448979592, 0.6226415094339622, 0.6557377049180327, 0.7, 0.5]
['ant_0.75_w_iP(25%)', 0.4117647058823529, 0.5245901639344263, 0.4915254237288136, 0.33962264150943394, 0.41509433962264153, 0.4166666666666667, 0.4642857142857143, 0.36538461538461536, 0.42857142857142855, 0.47058823529411764, 0.46296296296296297, 0.5964912280701754]
['ant_0.75_w_iP(50%)', 0.65, 0.6326530612244898, 0.625, 0.7058823529411765, 0.48148148148148145, 0.6031746031746031, 0.7142857142857143, 0.6666666666666666, 0.631578947368421, 0.8431372549019608, 0.8214285714285714, 0.59375]
['ant_0.75_w_iP(75%)', 0.7321428571428571, 0.6862745098039216, 0.6153846153846154, 0.5636363636363636, 0.55, 0.49056603773584906, 0.8076923076923077, 0.5306122448979592, 0.8148148148148148, 0.6363636363636364, 0.6666666666666666, 0.7083333333333334]
['ant_0.25_iP(25%)', 0.4426229508196721, 0.4642857142857143, 0.49056603773584906, 0.4716981132075472, 0.4, 0.41509433962264153, 0.5384615384615384, 0.4, 0.49019607843137253, 0.45098039215686275, 0.48148148148148145, 0.4489795918367347]
['ant_0.25_iP(50%)', 0.576271186440678, 0.5102040816326531, 0.6607142857142857, 0.6491228070175439, 0.6610169491525424, 0.41509433962264153, 0.49019607843137253, 0.5964912280701754, 0.5423728813559322, 0.5192307692307693, 0.6111111111111112, 0.4727272727272727]
['ant_0.25_iP(75%)', 0.576271186440678, 0.4444444444444444, 0.5769230769230769, 0.5483870967741935, 0.6896551724137931, 0.6545454545454545, 0.5333333333333333, 0.4583333333333333, 0.543859649122807, 0.5254237288135594, 0.5740740740740741, 0.5483870967741935]
['ant_0.5_iP(25%)', 0.46938775510204084, 0.3269230769230769, 0.55, 0.45, 0.46551724137931033, 0.5454545454545454, 0.36, 0.42857142857142855, 0.4727272727272727, 0.5396825396825397, 0.5, 0.48333333333333334]
['ant_0.5_iP(50%)', 0.660377358490566, 0.52, 0.6875, 0.74, 0.75, 0.5769230769230769, 0.6521739130434783, 0.6, 0.7666666666666667, 0.4528301886792453, 0.7115384615384616, 0.62]
['ant_0.5_iP(75%)', 0.6428571428571429, 0.6290322580645161, 0.5964912280701754, 0.6779661016949152, 0.6842105263157895, 0.6727272727272727, 0.6538461538461539, 0.6101694915254238, 0.7358490566037735, 0.6428571428571429, 0.62, 0.6545454545454545]
['ant_0.75_iP(25%)', 0.5166666666666667, 0.3877551020408163, 0.509090909090909, 0.44642857142857145, 0.45, 0.34, 0.5357142857142857, 0.42857142857142855, 0.4107142857142857, 0.5740740740740741, 0.4642857142857143, 0.4791666666666667]
['ant_0.75_iP(50%)', 0.6981132075471698, 0.5918367346938775, 0.8103448275862069, 0.6909090909090909, 0.7241379310344828, 0.78, 0.7857142857142857, 0.7288135593220338, 0.8076923076923077, 0.49122807017543857, 0.8627450980392157, 0.8571428571428571]
['ant_0.75_iP(75%)', 0.7586206896551724, 0.6071428571428571, 0.7090909090909091, 0.7543859649122807, 0.33962264150943394, 0.7868852459016393, 0.5645161290322581, 0.8387096774193549, 0.7413793103448276, 0.7307692307692307, 0.603448275862069, 0.7407407407407407]
