['camel_Base', 0.5038167938931297, 0.3181818181818182, 0.36923076923076925, 0.35714285714285715, 0.4774193548387097, 0.38686131386861317, 0.3617021276595745, 0.4789915966386555, 0.2857142857142857, 0.5579710144927537, 0.3961038961038961, 0.5409836065573771]
['camel_0.25', 0.3458646616541353, 0.44881889763779526, 0.46621621621621623, 0.42567567567567566, 0.37404580152671757, 0.26717557251908397, 0.33793103448275863, 0.35251798561151076, 0.373015873015873, 0.448, 0.3181818181818182, 0.38181818181818183]
['camel_0.5', 0.32592592592592595, 0.3795620437956204, 0.2847222222222222, 0.24822695035460993, 0.41605839416058393, 0.41379310344827586, 0.4, 0.43795620437956206, 0.2874251497005988, 0.39849624060150374, 0.40816326530612246, 0.45454545454545453]
['camel_0.75', 0.5060240963855421, 0.3865546218487395, 0.7006369426751592, 0.3382352941176471, 0.29545454545454547, 0.4397163120567376, 0.33064516129032256, 0.6428571428571429, 0.3178294573643411, 0.3442622950819672, 0.35570469798657717, 0.4351145038167939]
['camel_0.25_w', 0.4307692307692308, 0.45185185185185184, 0.42735042735042733, 0.20512820512820512, 0.3333333333333333, 0.45161290322580644, 0.5968992248062015, 0.44, 0.4846153846153846, 0.5, 0.4824561403508772, 0.3611111111111111]
['camel_0.5_w', 0.3939393939393939, 0.2222222222222222, 0.41353383458646614, 0.3695652173913043, 0.53125, 0.48412698412698413, 0.3939393939393939, 0.2743362831858407, 0.3458646616541353, 0.39814814814814814, 0.496, 0.39669421487603307]
['camel_0.75_w', 0.1267605633802817, 0.2578125, 0.3582089552238806, 0.31932773109243695, 0.3114754098360656, 0.21100917431192662, 0.4336283185840708, 0.384, 0.46774193548387094, 0.4909090909090909, 0.6194690265486725, 0.3007518796992481]
['camel_0.25_w_iP(25%)', 0.42483660130718953, 0.34375, 0.4370860927152318, 0.43243243243243246, 0.5446428571428571, 0.47368421052631576, 0.5079365079365079, 0.512396694214876, 0.4117647058823529, 0.2847682119205298, 0.488, 0.528]
['camel_0.25_w_iP(50%)', 0.46153846153846156, 0.5254237288135594, 0.3108108108108108, 0.5789473684210527, 0.26717557251908397, 0.3984375, 0.53125, 0.44755244755244755, 0.45, 0.562962962962963, 0.3305785123966942, 0.4462809917355372]
['camel_0.25_w_iP(75%)', 0.32116788321167883, 0.48507462686567165, 0.3333333333333333, 0.46774193548387094, 0.4420289855072464, 0.42857142857142855, 0.32666666666666666, 0.3767123287671233, 0.35658914728682173, 0.3333333333333333, 0.3194444444444444, 0.32413793103448274]
['camel_0.5_w_iP(25%)', 0.5205479452054794, 0.3933333333333333, 0.5037037037037037, 0.28776978417266186, 0.5121951219512195, 0.3533834586466165, 0.461038961038961, 0.44516129032258067, 0.5462184873949579, 0.4315068493150685, 0.5365853658536586, 0.4666666666666667]
['camel_0.5_w_iP(50%)', 0.5084745762711864, 0.5833333333333334, 0.4868421052631579, 0.4921875, 0.549618320610687, 0.5488721804511278, 0.5634920634920635, 0.5185185185185185, 0.5338983050847458, 0.5912408759124088, 0.37681159420289856, 0.3787878787878788]
['camel_0.5_w_iP(75%)', 0.3211009174311927, 0.40441176470588236, 0.33587786259541985, 0.4375, 0.34782608695652173, 0.5476190476190477, 0.48333333333333334, 0.5492957746478874, 0.5166666666666667, 0.41721854304635764, 0.5136986301369864, 0.5254237288135594]
['camel_0.75_w_iP(25%)', 0.5277777777777778, 0.48226950354609927, 0.5972222222222222, 0.5227272727272727, 0.4589041095890411, 0.5510204081632653, 0.5819672131147541, 0.5454545454545454, 0.5725190839694656, 0.4959349593495935, 0.46551724137931033, 0.584]
['camel_0.75_w_iP(50%)', 0.6312056737588653, 0.574468085106383, 0.512, 0.5483870967741935, 0.48031496062992124, 0.4689655172413793, 0.5462184873949579, 0.5104895104895105, 0.49264705882352944, 0.4489795918367347, 0.6818181818181818, 0.5683453237410072]
['camel_0.75_w_iP(75%)', 0.4423076923076923, 0.5566037735849056, 0.36496350364963503, 0.5891472868217055, 0.2578125, 0.35374149659863946, 0.45161290322580644, 0.35036496350364965, 0.5178571428571429, 0.5565217391304348, 0.33064516129032256, 0.45925925925925926]
['camel_0.25_iP(25%)', 0.5, 0.5431034482758621, 0.4881889763779528, 0.5634920634920635, 0.38926174496644295, 0.5142857142857142, 0.3821138211382114, 0.5630252100840336, 0.5317460317460317, 0.5075757575757576, 0.5528455284552846, 0.5163934426229508]
['camel_0.25_iP(50%)', 0.4074074074074074, 0.35877862595419846, 0.4236111111111111, 0.4489795918367347, 0.5078125, 0.348993288590604, 0.5042016806722689, 0.44360902255639095, 0.4460431654676259, 0.453781512605042, 0.4632352941176471, 0.5]
['camel_0.25_iP(75%)', 0.4017094017094017, 0.3023255813953488, 0.4144736842105263, 0.25757575757575757, 0.3, 0.4, 0.4188034188034188, 0.42063492063492064, 0.48120300751879697, 0.371900826446281, 0.3233082706766917, 0.4357142857142857]
['camel_0.5_iP(25%)', 0.35658914728682173, 0.5205479452054794, 0.39097744360902253, 0.4745762711864407, 0.4338235294117647, 0.3017241379310345, 0.5460526315789473, 0.5338983050847458, 0.6466165413533834, 0.5695364238410596, 0.4715447154471545, 0.5241935483870968]
['camel_0.5_iP(50%)', 0.4774774774774775, 0.5328947368421053, 0.582089552238806, 0.4013605442176871, 0.5213675213675214, 0.5, 0.4774774774774775, 0.45, 0.5, 0.5307692307692308, 0.5076923076923077, 0.5102040816326531]
['camel_0.5_iP(75%)', 0.6, 0.47107438016528924, 0.31690140845070425, 0.3235294117647059, 0.4375, 0.46308724832214765, 0.48091603053435117, 0.44966442953020136, 0.42276422764227645, 0.42276422764227645, 0.4016393442622951, 0.2975206611570248]
['camel_0.75_iP(25%)', 0.5467625899280576, 0.5853658536585366, 0.3509933774834437, 0.4142857142857143, 0.5169491525423728, 0.4596774193548387, 0.44274809160305345, 0.506578947368421, 0.5256410256410257, 0.5384615384615384, 0.4636363636363636, 0.4658385093167702]
['camel_0.75_iP(50%)', 0.421875, 0.6148148148148148, 0.6054421768707483, 0.5592105263157895, 0.4957983193277311, 0.6166666666666667, 0.6554621848739496, 0.5245901639344263, 0.49107142857142855, 0.6666666666666666, 0.6041666666666666, 0.4406779661016949]
['camel_0.75_iP(75%)', 0.45925925925925926, 0.48412698412698413, 0.45864661654135336, 0.3769230769230769, 0.631578947368421, 0.37719298245614036, 0.4645161290322581, 0.3087248322147651, 0.475, 0.5755395683453237, 0.38848920863309355, 0.475177304964539]
