['camel_Base', 0.15454545454545454, 0.16363636363636364, 0.18181818181818182, 0.15454545454545454, 0.16363636363636364, 0.18181818181818182, 0.15454545454545454, 0.18181818181818182, 0.18181818181818182, 0.15454545454545454, 0.17272727272727273, 0.16363636363636364, 0.15454545454545454, 0.18181818181818182, 0.18181818181818182, 0.15454545454545454, 0.15454545454545454, 0.17272727272727273, 0.15454545454545454, 0.15454545454545454, 0.15454545454545454, 0.15454545454545454, 0.16363636363636364, 0.17272727272727273]
['camel_0.25', 0.17272727272727273, 0.2, 0.37272727272727274, 0.17272727272727273, 0.1, 0.14545454545454545, 0.19090909090909092, 0.10909090909090909, 0.15454545454545454, 0.15454545454545454, 0.18181818181818182, 0.20909090909090908, 0.21818181818181817, 0.19090909090909092, 0.14545454545454545, 0.23636363636363636, 0.20909090909090908, 0.1, 0.20909090909090908, 0.07272727272727272, 0.17272727272727273, 0.11818181818181818, 0.17272727272727273, 0.10909090909090909]
['camel_0.5', 0.4, 0.36363636363636365, 0.17272727272727273, 0.2636363636363636, 0.19090909090909092, 0.37272727272727274, 0.16363636363636364, 0.2545454545454545, 0.3090909090909091, 0.2818181818181818, 0.2727272727272727, 0.16363636363636364, 0.2818181818181818, 0.2636363636363636, 0.2, 0.13636363636363635, 0.23636363636363636, 0.13636363636363635, 0.18181818181818182, 0.2818181818181818, 0.2, 0.20909090909090908, 0.18181818181818182, 0.2545454545454545]
['camel_0.75', 0.37272727272727274, 0.509090909090909, 0.4636363636363636, 0.5636363636363636, 0.6636363636363637, 0.2, 0.11818181818181818, 0.4, 0.23636363636363636, 0.5727272727272728, 0.45454545454545453, 0.39090909090909093, 0.4, 0.38181818181818183, 0.41818181818181815, 0.33636363636363636, 0.20909090909090908, 0.39090909090909093, 0.43636363636363634, 0.41818181818181815, 0.32727272727272727, 0.44545454545454544, 0.21818181818181817, 0.20909090909090908]
['camel_0.25_w', 0.11818181818181818, 0.17272727272727273, 0.17272727272727273, 0.17272727272727273, 0.2545454545454545, 0.16363636363636364, 0.20909090909090908, 0.20909090909090908, 0.2, 0.19090909090909092, 0.19090909090909092, 0.20909090909090908, 0.09090909090909091, 0.12727272727272726, 0.16363636363636364, 0.20909090909090908, 0.15454545454545454, 0.08181818181818182, 0.14545454545454545, 0.14545454545454545, 0.14545454545454545, 0.20909090909090908, 0.19090909090909092, 0.21818181818181817]
['camel_0.5_w', 0.20909090909090908, 0.45454545454545453, 0.2636363636363636, 0.20909090909090908, 0.19090909090909092, 0.17272727272727273, 0.2727272727272727, 0.38181818181818183, 0.2636363636363636, 0.3, 0.14545454545454545, 0.16363636363636364, 0.22727272727272727, 0.38181818181818183, 0.3, 0.19090909090909092, 0.23636363636363636, 0.2636363636363636, 0.42727272727272725, 0.2818181818181818, 0.2, 0.21818181818181817, 0.34545454545454546, 0.36363636363636365]
['camel_0.75_w', 0.4090909090909091, 0.45454545454545453, 0.5545454545454546, 0.37272727272727274, 0.2818181818181818, 0.3181818181818182, 0.32727272727272727, 0.22727272727272727, 0.37272727272727274, 0.4818181818181818, 0.43636363636363634, 0.5727272727272728, 0.4090909090909091, 0.38181818181818183, 0.4909090909090909, 0.17272727272727273, 0.39090909090909093, 0.22727272727272727, 0.4, 0.4818181818181818, 0.24545454545454545, 0.19090909090909092, 0.2545454545454545, 0.2636363636363636]
['camel_0.25_w_iP(50%)', 0.24545454545454545, 0.17272727272727273, 0.17272727272727273, 0.2, 0.23636363636363636, 0.23636363636363636, 0.2545454545454545, 0.17272727272727273, 0.2545454545454545, 0.21818181818181817, 0.24545454545454545, 0.10909090909090909, 0.07272727272727272, 0.2, 0.24545454545454545, 0.23636363636363636, 0.2636363636363636, 0.2636363636363636, 0.19090909090909092, 0.21818181818181817, 0.19090909090909092, 0.18181818181818182, 0.21818181818181817, 0.2636363636363636]
['camel_0.5_w_iP(50%)', 0.22727272727272727, 0.24545454545454545, 0.19090909090909092, 0.2636363636363636, 0.22727272727272727, 0.39090909090909093, 0.32727272727272727, 0.15454545454545454, 0.22727272727272727, 0.34545454545454546, 0.4727272727272727, 0.39090909090909093, 0.22727272727272727, 0.2818181818181818, 0.41818181818181815, 0.2727272727272727, 0.42727272727272725, 0.2727272727272727, 0.32727272727272727, 0.32727272727272727, 0.39090909090909093, 0.3181818181818182, 0.36363636363636365, 0.22727272727272727]
['camel_0.75_w_iP(50%)', 0.42727272727272725, 0.34545454545454546, 0.2909090909090909, 0.5272727272727272, 0.38181818181818183, 0.5, 0.5636363636363636, 0.5545454545454546, 0.34545454545454546, 0.21818181818181817, 0.39090909090909093, 0.4727272727272727, 0.5454545454545454, 0.4727272727272727, 0.5545454545454546, 0.44545454545454544, 0.4727272727272727, 0.7, 0.43636363636363634, 0.42727272727272725, 0.24545454545454545, 0.5181818181818182, 0.5181818181818182, 0.2818181818181818]
