['camel_Base', 0.4523809523809524, 0.41911764705882354, 0.38848920863309355, 0.5100671140939598, 0.3333333333333333, 0.49264705882352944, 0.2357142857142857, 0.32867132867132864, 0.42342342342342343, 0.5177304964539007, 0.4318181818181818, 0.28169014084507044, 0.46153846153846156, 0.3986013986013986, 0.31210191082802546, 0.352112676056338, 0.4824561403508772, 0.3546099290780142, 0.3150684931506849, 0.5206611570247934, 0.5625, 0.49019607843137253, 0.31007751937984496, 0.5275590551181102]
['camel_0.25', 0.23076923076923078, 0.2814814814814815, 0.30612244897959184, 0.3287671232876712, 0.4672131147540984, 0.544, 0.45454545454545453, 0.42748091603053434, 0.4583333333333333, 0.5, 0.36153846153846153, 0.3656716417910448, 0.4748201438848921, 0.432, 0.2890625, 0.3923076923076923, 0.5153846153846153, 0.32231404958677684, 0.3828125, 0.35570469798657717, 0.3515625, 0.34782608695652173, 0.2975206611570248, 0.3053435114503817]
['camel_0.5', 0.4176470588235294, 0.3597122302158273, 0.4251968503937008, 0.43448275862068964, 0.4083333333333333, 0.2962962962962963, 0.4583333333333333, 0.30357142857142855, 0.5040650406504065, 0.37962962962962965, 0.30434782608695654, 0.35251798561151076, 0.34532374100719426, 0.3130434782608696, 0.49523809523809526, 0.34513274336283184, 0.4520547945205479, 0.5303030303030303, 0.5733333333333334, 0.3691275167785235, 0.4344262295081967, 0.42857142857142855, 0.4859154929577465, 0.48717948717948717]
['camel_0.75', 0.484375, 0.336, 0.44166666666666665, 0.8013245033112583, 0.515625, 0.2980769230769231, 0.27692307692307694, 0.42748091603053434, 0.456, 0.35, 0.7109375, 0.3111111111111111, 0.5476190476190477, 0.5447761194029851, 0.3983739837398374, 0.2857142857142857, 0.3969465648854962, 0.43478260869565216, 0.4253731343283582, 0.4918032786885246, 0.5033557046979866, 0.3643410852713178, 0.43410852713178294, 0.7417218543046358]
['camel_0.25_w', 0.31724137931034485, 0.4126984126984127, 0.45, 0.46551724137931033, 0.3643410852713178, 0.41379310344827586, 0.4, 0.3076923076923077, 0.35714285714285715, 0.3724137931034483, 0.36551724137931035, 0.21428571428571427, 0.45384615384615384, 0.5234375, 0.3116883116883117, 0.328, 0.3813559322033898, 0.2535211267605634, 0.3488372093023256, 0.44776119402985076, 0.2482758620689655, 0.34355828220858897, 0.3953488372093023, 0.3287671232876712]
['camel_0.5_w', 0.424, 0.2857142857142857, 0.40707964601769914, 0.28289473684210525, 0.42276422764227645, 0.3106060606060606, 0.3669064748201439, 0.43795620437956206, 0.42857142857142855, 0.5677966101694916, 0.3944954128440367, 0.472, 0.40714285714285714, 0.4098360655737705, 0.39156626506024095, 0.39473684210526316, 0.38345864661654133, 0.3902439024390244, 0.4965034965034965, 0.381294964028777, 0.45, 0.4154929577464789, 0.39655172413793105, 0.5076923076923077]
['camel_0.75_w', 0.5615384615384615, 0.47706422018348627, 0.5348837209302325, 0.5859375, 0.2748091603053435, 0.38333333333333336, 0.15333333333333332, 0.27205882352941174, 0.3384615384615385, 0.40336134453781514, 0.6857142857142857, 0.2357142857142857, 0.271523178807947, 0.6153846153846154, 0.40875912408759124, 0.40559440559440557, 0.25735294117647056, 0.41134751773049644, 0.6083333333333333, 0.4326241134751773, 0.3560606060606061, 0.5483870967741935, 0.46875, 0.4338235294117647]
['camel_0.25_w_iP(50%)', 0.4566929133858268, 0.3767123287671233, 0.5227272727272727, 0.4013605442176871, 0.5192307692307693, 0.496, 0.5267857142857143, 0.4375, 0.4236111111111111, 0.3835616438356164, 0.5166666666666667, 0.37857142857142856, 0.3656716417910448, 0.3885350318471338, 0.5225225225225225, 0.4645669291338583, 0.4434782608695652, 0.552, 0.4785714285714286, 0.3888888888888889, 0.4603174603174603, 0.4892086330935252, 0.46206896551724136, 0.366412213740458]
['camel_0.5_w_iP(50%)', 0.5655172413793104, 0.5441176470588235, 0.472, 0.42748091603053434, 0.5285714285714286, 0.4097222222222222, 0.4666666666666667, 0.6048387096774194, 0.5222929936305732, 0.44366197183098594, 0.42028985507246375, 0.46099290780141844, 0.4857142857142857, 0.6293706293706294, 0.45, 0.5766423357664233, 0.5128205128205128, 0.5664335664335665, 0.41134751773049644, 0.46715328467153283, 0.4161073825503356, 0.6147540983606558, 0.5403225806451613, 0.488]
['camel_0.75_w_iP(50%)', 0.41353383458646614, 0.5655172413793104, 0.4666666666666667, 0.5403225806451613, 0.4788732394366197, 0.5371900826446281, 0.6074074074074074, 0.5, 0.5833333333333334, 0.45081967213114754, 0.503030303030303, 0.4797297297297297, 0.46551724137931033, 0.6424242424242425, 0.5611510791366906, 0.5508474576271186, 0.37037037037037035, 0.6197183098591549, 0.375, 0.5354330708661418, 0.4453125, 0.3524590163934426, 0.35714285714285715, 0.5736434108527132]
