['ivy_Base', 0.06060606060606061, 0.06060606060606061, 0.06060606060606061, 0.06060606060606061, 0.06060606060606061, 0.06060606060606061, 0.06060606060606061, 0.06060606060606061, 0.06060606060606061, 0.06060606060606061, 0.06060606060606061, 0.06060606060606061, 0.06060606060606061, 0.06060606060606061, 0.06060606060606061, 0.06060606060606061, 0.06060606060606061, 0.06060606060606061, 0.06060606060606061, 0.06060606060606061, 0.06060606060606061, 0.06060606060606061, 0.06060606060606061, 0.06060606060606061]
['ivy_0.25', 0.3333333333333333, 0.4090909090909091, 0.3484848484848485, 0.45454545454545453, 0.42424242424242425, 0.42424242424242425, 0.3939393939393939, 0.3939393939393939, 0.3484848484848485, 0.4696969696969697, 0.30303030303030304, 0.4393939393939394, 0.5151515151515151, 0.42424242424242425, 0.4696969696969697, 0.3939393939393939, 0.3333333333333333, 0.42424242424242425, 0.3787878787878788, 0.3939393939393939, 0.4696969696969697, 0.36363636363636365, 0.42424242424242425, 0.3939393939393939]
['ivy_0.5', 0.6666666666666666, 0.5909090909090909, 0.5606060606060606, 0.4696969696969697, 0.5, 0.5757575757575758, 0.5454545454545454, 0.5757575757575758, 0.5, 0.48484848484848486, 0.4393939393939394, 0.5454545454545454, 0.5757575757575758, 0.4393939393939394, 0.6363636363636364, 0.5151515151515151, 0.5, 0.6060606060606061, 0.5151515151515151, 0.5909090909090909, 0.6666666666666666, 0.5757575757575758, 0.6212121212121212, 0.5909090909090909]
['ivy_0.75', 0.6060606060606061, 0.6515151515151515, 0.5606060606060606, 0.5151515151515151, 0.6515151515151515, 0.6818181818181818, 0.6212121212121212, 0.6212121212121212, 0.6212121212121212, 0.6363636363636364, 0.696969696969697, 0.6060606060606061, 0.6666666666666666, 0.7272727272727273, 0.6212121212121212, 0.6212121212121212, 0.6212121212121212, 0.6363636363636364, 0.5909090909090909, 0.6363636363636364, 0.5757575757575758, 0.5757575757575758, 0.5454545454545454, 0.6060606060606061]
['ivy_0.25_w', 0.4090909090909091, 0.45454545454545453, 0.4696969696969697, 0.3787878787878788, 0.3939393939393939, 0.42424242424242425, 0.4393939393939394, 0.48484848484848486, 0.4090909090909091, 0.42424242424242425, 0.36363636363636365, 0.42424242424242425, 0.5151515151515151, 0.36363636363636365, 0.45454545454545453, 0.3484848484848485, 0.3939393939393939, 0.4090909090909091, 0.36363636363636365, 0.42424242424242425, 0.4090909090909091, 0.42424242424242425, 0.4696969696969697, 0.3787878787878788]
['ivy_0.5_w', 0.5909090909090909, 0.48484848484848486, 0.6060606060606061, 0.5303030303030303, 0.5757575757575758, 0.24242424242424243, 0.5757575757575758, 0.6060606060606061, 0.5606060606060606, 0.6060606060606061, 0.42424242424242425, 0.42424242424242425, 0.5151515151515151, 0.5454545454545454, 0.5757575757575758, 0.48484848484848486, 0.4696969696969697, 0.5151515151515151, 0.5303030303030303, 0.3333333333333333, 0.6212121212121212, 0.4090909090909091, 0.6060606060606061, 0.5909090909090909]
['ivy_0.75_w', 0.6060606060606061, 0.5151515151515151, 0.6363636363636364, 0.6060606060606061, 0.5151515151515151, 0.6212121212121212, 0.45454545454545453, 0.6515151515151515, 0.5606060606060606, 0.5606060606060606, 0.5909090909090909, 0.6666666666666666, 0.6060606060606061, 0.5606060606060606, 0.6363636363636364, 0.5303030303030303, 0.5454545454545454, 0.6060606060606061, 0.6363636363636364, 0.6666666666666666, 0.6060606060606061, 0.696969696969697, 0.5303030303030303, 0.6666666666666666]
['ivy_0.25_w_iP(50%)', 0.13636363636363635, 0.12121212121212122, 0.15151515151515152, 0.12121212121212122, 0.18181818181818182, 0.10606060606060606, 0.13636363636363635, 0.15151515151515152, 0.12121212121212122, 0.10606060606060606, 0.10606060606060606, 0.12121212121212122, 0.10606060606060606, 0.15151515151515152, 0.12121212121212122, 0.13636363636363635, 0.13636363636363635, 0.13636363636363635, 0.15151515151515152, 0.07575757575757576, 0.09090909090909091, 0.16666666666666666, 0.10606060606060606, 0.15151515151515152]
['ivy_0.5_w_iP(50%)', 0.19696969696969696, 0.15151515151515152, 0.22727272727272727, 0.22727272727272727, 0.30303030303030304, 0.16666666666666666, 0.24242424242424243, 0.2727272727272727, 0.09090909090909091, 0.13636363636363635, 0.15151515151515152, 0.18181818181818182, 0.22727272727272727, 0.18181818181818182, 0.19696969696969696, 0.19696969696969696, 0.21212121212121213, 0.18181818181818182, 0.16666666666666666, 0.24242424242424243, 0.18181818181818182, 0.18181818181818182, 0.22727272727272727, 0.10606060606060606]
['ivy_0.75_w_iP(50%)', 0.18181818181818182, 0.30303030303030304, 0.15151515151515152, 0.3939393939393939, 0.3333333333333333, 0.3484848484848485, 0.24242424242424243, 0.2727272727272727, 0.36363636363636365, 0.12121212121212122, 0.3333333333333333, 0.2727272727272727, 0.19696969696969696, 0.15151515151515152, 0.2727272727272727, 0.15151515151515152, 0.13636363636363635, 0.30303030303030304, 0.18181818181818182, 0.2878787878787879, 0.2727272727272727, 0.3181818181818182, 0.3181818181818182, 0.19696969696969696]
