['ivy_Base', -0.08695652173913043, -0.16363636363636364, -0.23076923076923078, -0.16, -0.12244897959183673, -0.05660377358490566, -0.10416666666666667, -0.1206896551724138, -0.09615384615384616, -0.1320754716981132, -0.043478260869565216, -0.04081632653061224, -0.14893617021276595, -0.1509433962264151, -0.11764705882352941, -0.04081632653061224, -0.10204081632653061, -0.044444444444444446, -0.16, -0.12244897959183673, -0.13725490196078433, -0.06382978723404255, -0.12, -0.17391304347826086] , 44.0
['ivy_0.25', -0.20833333333333334, -0.015625, -0.16129032258064516, -0.1044776119402985, -0.15492957746478872, -0.046153846153846156, -0.18181818181818182, -0.11764705882352941, -0.18309859154929578, -0.18333333333333332, -0.03571428571428571, -0.0, -0.12698412698412698, -0.01694915254237288, -0.1044776119402985, -0.16901408450704225, -0.11475409836065574, -0.07692307692307693, -0.08333333333333333, -0.0784313725490196, -0.030303030303030304, -0.2222222222222222, -0.13636363636363635, -0.2028985507246377] , 57.5
['ivy_0.5', -0.25, -0.02040816326530612, -0.3541666666666667, -0.14893617021276595, -0.3148148148148148, -0.14893617021276595, -0.38461538461538464, -0.3, -0.07407407407407407, -0.2222222222222222, -0.0851063829787234, -0.09433962264150944, -0.46, -0.10204081632653061, -0.10204081632653061, -0.15384615384615385, -0.20754716981132076, -0.35185185185185186, -0.10638297872340426, -0.38461538461538464, -0.1, -0.022222222222222223, -0.2127659574468085, -0.20408163265306123] , 41.0
['ivy_0.75', -0.047619047619047616, -0.05172413793103448, -0.04838709677419355, -0.16393442622950818, -0.09523809523809523, -0.1, -0.16666666666666666, -0.16129032258064516, -0.03125, -0.04838709677419355, -0.05084745762711865, -0.41935483870967744, -0.08064516129032258, -0.11290322580645161, -0.046153846153846156, -0.21666666666666667, -0.12727272727272726, -0.1896551724137931, -0.14516129032258066, -0.22033898305084745, -0.39655172413793105, -0.2033898305084746, -0.203125, -0.06666666666666667] , 53.5
['ivy_0.25_w', -0.15217391304347827, -0.08695652173913043, -0.16666666666666666, -0.22641509433962265, -0.15555555555555556, -0.13725490196078433, -0.08163265306122448, -0.14583333333333334, -0.10869565217391304, -0.13333333333333333, -0.1956521739130435, -0.0851063829787234, -0.20454545454545456, -0.08333333333333333, -0.06382978723404255, -0.10869565217391304, -0.22641509433962265, -0.043478260869565216, -0.17777777777777778, -0.19230769230769232, -0.24074074074074073, -0.06818181818181818, -0.23529411764705882, -0.24489795918367346] , 41.0
['ivy_0.5_w', -0.21428571428571427, -0.3404255319148936, -0.4666666666666667, -0.44680851063829785, -0.3181818181818182, -0.1951219512195122, -0.425531914893617, -0.18181818181818182, -0.2916666666666667, -0.23404255319148937, -0.20754716981132076, -0.08, -0.3181818181818182, -0.2708333333333333, -0.24444444444444444, -0.28888888888888886, -0.2916666666666667, -0.25, -0.4318181818181818, -0.1956521739130435, -0.41304347826086957, -0.2916666666666667, -0.14583333333333334, -0.32558139534883723] , 33.5
['ivy_0.75_w', -0.32653061224489793, -0.1702127659574468, -0.14285714285714285, -0.48, -0.28888888888888886, -0.0851063829787234, -0.11764705882352941, -0.05660377358490566, -0.1320754716981132, -0.4339622641509434, -0.1568627450980392, -0.2978723404255319, -0.19607843137254902, -0.02040816326530612, -0.0625, -0.043478260869565216, -0.4375, -0.2641509433962264, -0.4117647058823529, -0.04081632653061224, -0.16, -0.16666666666666666, -0.5, -0.22727272727272727] , 40.5
['ivy_0.25_w_iP(25%)', -0.08, -0.044444444444444446, -0.10638297872340426, -0.22807017543859648, -0.12244897959183673, -0.10204081632653061, -0.06382978723404255, -0.041666666666666664, -0.0784313725490196, -0.1276595744680851, -0.045454545454545456, -0.1568627450980392, -0.02040816326530612, -0.09259259259259259, -0.09090909090909091, -0.09803921568627451, -0.045454545454545456, -0.06382978723404255, -0.10416666666666667, -0.08, -0.08695652173913043, -0.0625, -0.13725490196078433, -0.06976744186046512] , 44.0
['ivy_0.25_w_iP(50%)', -0.125, -0.12727272727272726, -0.11904761904761904, -0.1590909090909091, -0.1111111111111111, -0.23076923076923078, -0.09090909090909091, -0.15555555555555556, -0.21739130434782608, -0.13043478260869565, -0.06, -0.20454545454545456, -0.0, -0.3333333333333333, -0.09803921568627451, -0.0625, -0.23255813953488372, -0.06818181818181818, -0.09523809523809523, -0.12195121951219512, -0.13953488372093023, -0.21153846153846154, -0.06521739130434782, -0.11627906976744186] , 40.0
['ivy_0.5_w_iP(25%)', -0.0851063829787234, -0.12244897959183673, -0.0784313725490196, -0.17647058823529413, -0.10204081632653061, -0.06976744186046512, -0.06382978723404255, -0.12, -0.09615384615384616, -0.1320754716981132, -0.16666666666666666, -0.045454545454545456, -0.09259259259259259, -0.14, -0.14583333333333334, -0.09302325581395349, -0.10638297872340426, -0.09803921568627451, -0.12727272727272726, -0.10416666666666667, -0.11538461538461539, -0.02127659574468085, -0.04, -0.045454545454545456] , 44.0
['ivy_0.5_w_iP(50%)', -0.39622641509433965, -0.12244897959183673, -0.14, -0.24074074074074073, -0.11538461538461539, -0.2826086956521739, -0.08771929824561403, -0.2857142857142857, -0.3333333333333333, -0.19148936170212766, -0.2692307692307692, -0.0625, -0.18604651162790697, -0.13043478260869565, -0.15555555555555556, -0.25, -0.23636363636363636, -0.125, -0.10714285714285714, -0.0625, -0.42857142857142855, -0.15384615384615385, -0.1276595744680851, -0.15217391304347827] , 40.5
['ivy_0.75_w_iP(25%)', -0.029411764705882353, -0.07352941176470588, -0.125, -0.043478260869565216, -0.03076923076923077, -0.02857142857142857, -0.014492753623188406, -0.016129032258064516, -0.18571428571428572, -0.029850746268656716, -0.028169014084507043, -0.043478260869565216, -0.045454545454545456, -0.1323529411764706, -0.04477611940298507, -0.0, -0.04838709677419355, -0.03076923076923077, -0.029411764705882353, -0.0, -0.046875, -0.014492753623188406, -0.014492753623188406, -0.0] , 63.5
['ivy_0.75_w_iP(50%)', -0.38636363636363635, -0.35185185185185186, -0.14583333333333334, -0.2, -0.37037037037037035, -0.23809523809523808, -0.54, -0.2549019607843137, -0.36363636363636365, -0.2222222222222222, -0.11764705882352941, -0.2127659574468085, -0.24, -0.3958333333333333, -0.3018867924528302, -0.2692307692307692, -0.21428571428571427, -0.019230769230769232, -0.46808510638297873, -0.2127659574468085, -0.22916666666666666, -0.21153846153846154, -0.09259259259259259, -0.16326530612244897] , 37.5
