['ivy_Base', 0.46236559139784944, 0.5698924731182796, 0.4482758620689655, 0.5483870967741935, 0.5053763440860215, 0.4318181818181818, 0.4431818181818182, 0.43617021276595747, 0.46153846153846156, 0.5670103092783505, 0.5670103092783505, 0.4888888888888889, 0.45054945054945056, 0.4777777777777778, 0.5434782608695652, 0.43010752688172044, 0.4583333333333333, 0.4666666666666667, 0.5376344086021505, 0.5510204081632653, 0.5454545454545454, 0.4946236559139785, 0.46808510638297873, 0.4444444444444444]
['ivy_0.25', 0.6063829787234043, 0.5531914893617021, 0.5517241379310345, 0.5888888888888889, 0.6060606060606061, 0.6145833333333334, 0.5747126436781609, 0.5444444444444444, 0.5869565217391305, 0.5842696629213483, 0.6210526315789474, 0.6210526315789474, 0.5795454545454546, 0.5280898876404494, 0.5909090909090909, 0.6063829787234043, 0.6122448979591837, 0.5730337078651685, 0.59375, 0.6595744680851063, 0.5280898876404494, 0.5494505494505495, 0.6067415730337079, 0.6444444444444445]
['ivy_0.5', 0.6631578947368421, 0.5263157894736842, 0.6736842105263158, 0.6222222222222222, 0.6631578947368421, 0.5591397849462365, 0.6702127659574468, 0.6483516483516484, 0.47126436781609193, 0.5555555555555556, 0.6179775280898876, 0.5813953488372093, 0.574468085106383, 0.5862068965517241, 0.5531914893617021, 0.45977011494252873, 0.6483516483516484, 0.648936170212766, 0.47959183673469385, 0.5454545454545454, 0.6451612903225806, 0.6770833333333334, 0.6276595744680851, 0.5730337078651685]
['ivy_0.75', 0.6363636363636364, 0.3894736842105263, 0.4946236559139785, 0.4845360824742268, 0.6494845360824743, 0.6770833333333334, 0.75, 0.5212765957446809, 0.5360824742268041, 0.5729166666666666, 0.6896551724137931, 0.6631578947368421, 0.5773195876288659, 0.37894736842105264, 0.48, 0.5116279069767442, 0.6185567010309279, 0.31, 0.632183908045977, 0.4375, 0.6781609195402298, 0.5959595959595959, 0.6067415730337079, 0.5681818181818182]
['ivy_0.25_w', 0.5789473684210527, 0.6263736263736264, 0.5113636363636364, 0.5773195876288659, 0.43157894736842106, 0.574468085106383, 0.5666666666666667, 0.6494845360824743, 0.65625, 0.5333333333333333, 0.5612244897959183, 0.6590909090909091, 0.5222222222222223, 0.6404494382022472, 0.6060606060606061, 0.6, 0.5851063829787234, 0.6304347826086957, 0.6105263157894737, 0.532608695652174, 0.5578947368421052, 0.5, 0.6263736263736264, 0.6086956521739131]
['ivy_0.5_w', 0.625, 0.6276595744680851, 0.6206896551724138, 0.5789473684210527, 0.5730337078651685, 0.49, 0.6333333333333333, 0.5652173913043478, 0.4945054945054945, 0.5232558139534884, 0.625, 0.5714285714285714, 0.6666666666666666, 0.6344086021505376, 0.6382978723404256, 0.5, 0.5979381443298969, 0.6477272727272727, 0.7216494845360825, 0.71875, 0.39361702127659576, 0.6136363636363636, 0.5876288659793815, 0.6363636363636364]
['ivy_0.75_w', 0.6, 0.5806451612903226, 0.4942528735632184, 0.5157894736842106, 0.5851063829787234, 0.5222222222222223, 0.5714285714285714, 0.4842105263157895, 0.6875, 0.6477272727272727, 0.7010309278350515, 0.532608695652174, 0.5824175824175825, 0.6555555555555556, 0.5795454545454546, 0.5, 0.6263736263736264, 0.4835164835164835, 0.6222222222222222, 0.5842696629213483, 0.3958333333333333, 0.6210526315789474, 0.7291666666666666, 0.6363636363636364]
['ivy_0.25_w_iP(50%)', 0.4791666666666667, 0.4606741573033708, 0.5773195876288659, 0.5227272727272727, 0.5408163265306123, 0.5157894736842106, 0.4891304347826087, 0.42045454545454547, 0.4318181818181818, 0.5340909090909091, 0.5833333333333334, 0.5604395604395604, 0.5116279069767442, 0.6263736263736264, 0.5222222222222223, 0.48314606741573035, 0.4606741573033708, 0.4942528735632184, 0.574468085106383, 0.5591397849462365, 0.44565217391304346, 0.5257731958762887, 0.5287356321839081, 0.5]
['ivy_0.5_w_iP(50%)', 0.5747126436781609, 0.47126436781609193, 0.5212765957446809, 0.4673913043478261, 0.5930232558139535, 0.4044943820224719, 0.6494845360824743, 0.4105263157894737, 0.4835164835164835, 0.5578947368421052, 0.5056179775280899, 0.5444444444444444, 0.5681818181818182, 0.4659090909090909, 0.6129032258064516, 0.3516483516483517, 0.5053763440860215, 0.6210526315789474, 0.3977272727272727, 0.4044943820224719, 0.5208333333333334, 0.6210526315789474, 0.5555555555555556, 0.3563218390804598]
['ivy_0.75_w_iP(50%)', 0.45348837209302323, 0.4673913043478261, 0.358695652173913, 0.5, 0.24444444444444444, 0.4105263157894737, 0.5393258426966292, 0.6210526315789474, 0.42696629213483145, 0.43617021276595747, 0.5454545454545454, 0.45652173913043476, 0.5222222222222223, 0.3977272727272727, 0.45054945054945056, 0.44680851063829785, 0.574468085106383, 0.40229885057471265, 0.5578947368421052, 0.5454545454545454, 0.4791666666666667, 0.32222222222222224, 0.6421052631578947, 0.6082474226804123]
