['ivy_Base', 0.5217391304347826, 0.4777777777777778, 0.45054945054945056, 0.5625, 0.5555555555555556, 0.47126436781609193, 0.4742268041237113, 0.47191011235955055, 0.5168539325842697, 0.4888888888888889, 0.5057471264367817, 0.5051546391752577]
['ivy_0.25', 0.5591397849462365, 0.6122448979591837, 0.5894736842105263, 0.6210526315789474, 0.5714285714285714, 0.5824175824175825, 0.5816326530612245, 0.5333333333333333, 0.6354166666666666, 0.6382978723404256, 0.5913978494623656, 0.5698924731182796]
['ivy_0.5', 0.6063829787234043, 0.5473684210526316, 0.5806451612903226, 0.6428571428571429, 0.6458333333333334, 0.6595744680851063, 0.5333333333333333, 0.43333333333333335, 0.5591397849462365, 0.4897959183673469, 0.6907216494845361, 0.5729166666666666]
['ivy_0.75', 0.5773195876288659, 0.3894736842105263, 0.7373737373737373, 0.3953488372093023, 0.44, 0.625, 0.5393258426966292, 0.32222222222222224, 0.53125, 0.5368421052631579, 0.5591397849462365, 0.39361702127659576]
['ivy_0.25_w', 0.632183908045977, 0.5824175824175825, 0.6162790697674418, 0.5555555555555556, 0.5208333333333334, 0.5056179775280899, 0.6063829787234043, 0.6046511627906976, 0.6276595744680851, 0.5876288659793815, 0.6111111111111112, 0.5632183908045977]
['ivy_0.5_w', 0.6593406593406593, 0.5, 0.5957446808510638, 0.5760869565217391, 0.6222222222222222, 0.6551724137931034, 0.5567010309278351, 0.5411764705882353, 0.5638297872340425, 0.5056179775280899, 0.4731182795698925, 0.625]
['ivy_0.75_w', 0.648936170212766, 0.5795454545454546, 0.5531914893617021, 0.4270833333333333, 0.6632653061224489, 0.6063829787234043, 0.5116279069767442, 0.4318181818181818, 0.5978260869565217, 0.6063829787234043, 0.4090909090909091, 0.6]
['ivy_0.25_w_iP(25%)', 0.5164835164835165, 0.5483870967741935, 0.5638297872340425, 0.5813953488372093, 0.5384615384615384, 0.5, 0.5106382978723404, 0.5111111111111111, 0.5698924731182796, 0.5625, 0.4777777777777778, 0.6082474226804123]
['ivy_0.25_w_iP(50%)', 0.4583333333333333, 0.574468085106383, 0.5263157894736842, 0.5869565217391305, 0.46153846153846156, 0.5263157894736842, 0.4787234042553192, 0.5483870967741935, 0.532608695652174, 0.449438202247191, 0.5955056179775281, 0.5425531914893617]
['ivy_0.25_w_iP(75%)', 0.4791666666666667, 0.5161290322580645, 0.5955056179775281, 0.42045454545454547, 0.5408163265306123, 0.4946236559139785, 0.5204081632653061, 0.38823529411764707, 0.5773195876288659, 0.5168539325842697, 0.4891304347826087, 0.5760869565217391]
['ivy_0.5_w_iP(25%)', 0.5161290322580645, 0.4606741573033708, 0.6210526315789474, 0.5172413793103449, 0.5543478260869565, 0.5050505050505051, 0.5333333333333333, 0.45652173913043476, 0.3977272727272727, 0.4945054945054945, 0.5280898876404494, 0.5531914893617021]
['ivy_0.5_w_iP(50%)', 0.5757575757575758, 0.5106382978723404, 0.4895833333333333, 0.6041666666666666, 0.40217391304347827, 0.5208333333333334, 0.3068181818181818, 0.5217391304347826, 0.5979381443298969, 0.5454545454545454, 0.45161290322580644, 0.4791666666666667]
['ivy_0.5_w_iP(75%)', 0.5, 0.6, 0.6063829787234043, 0.40860215053763443, 0.5416666666666666, 0.5454545454545454, 0.4222222222222222, 0.5268817204301075, 0.5222222222222223, 0.5729166666666666, 0.43333333333333335, 0.4421052631578947]
['ivy_0.75_w_iP(25%)', 0.5894736842105263, 0.5208333333333334, 0.5851063829787234, 0.5, 0.5238095238095238, 0.5773195876288659, 0.5869565217391305, 0.5319148936170213, 0.5222222222222223, 0.41935483870967744, 0.4838709677419355, 0.4787234042553192]
['ivy_0.75_w_iP(50%)', 0.6222222222222222, 0.49473684210526314, 0.41414141414141414, 0.44086021505376344, 0.5154639175257731, 0.5402298850574713, 0.42857142857142855, 0.35294117647058826, 0.5729166666666666, 0.5617977528089888, 0.6136363636363636, 0.5813953488372093]
['ivy_0.75_w_iP(75%)', 0.33707865168539325, 0.5368421052631579, 0.5368421052631579, 0.3979591836734694, 0.6382978723404256, 0.5568181818181818, 0.6435643564356436, 0.5543478260869565, 0.48936170212765956, 0.4, 0.43010752688172044, 0.4020618556701031]
['ivy_0.25_iP(25%)', 0.4883720930232558, 0.5111111111111111, 0.5416666666666666, 0.43820224719101125, 0.45454545454545453, 0.5217391304347826, 0.4367816091954023, 0.5617977528089888, 0.4666666666666667, 0.4673913043478261, 0.6170212765957447, 0.45348837209302323]
['ivy_0.25_iP(50%)', 0.5268817204301075, 0.550561797752809, 0.41379310344827586, 0.5058823529411764, 0.46808510638297873, 0.5340909090909091, 0.5051546391752577, 0.4421052631578947, 0.5104166666666666, 0.5777777777777777, 0.4606741573033708, 0.5913978494623656]
['ivy_0.25_iP(75%)', 0.5666666666666667, 0.5268817204301075, 0.4482758620689655, 0.5473684210526316, 0.46464646464646464, 0.5212765957446809, 0.5051546391752577, 0.4659090909090909, 0.4742268041237113, 0.5666666666666667, 0.5157894736842106, 0.5104166666666666]
['ivy_0.5_iP(25%)', 0.45263157894736844, 0.5531914893617021, 0.5638297872340425, 0.53125, 0.4444444444444444, 0.48863636363636365, 0.550561797752809, 0.4948453608247423, 0.4482758620689655, 0.4891304347826087, 0.550561797752809, 0.6063829787234043]
['ivy_0.5_iP(50%)', 0.6170212765957447, 0.4631578947368421, 0.46875, 0.4942528735632184, 0.4470588235294118, 0.6105263157894737, 0.5666666666666667, 0.35051546391752575, 0.4945054945054945, 0.5531914893617021, 0.6022727272727273, 0.4606741573033708]
['ivy_0.5_iP(75%)', 0.4105263157894737, 0.6111111111111112, 0.4157303370786517, 0.5851063829787234, 0.4606741573033708, 0.4772727272727273, 0.6210526315789474, 0.5869565217391305, 0.5842696629213483, 0.5578947368421052, 0.574468085106383, 0.5978260869565217]
['ivy_0.75_iP(25%)', 0.5666666666666667, 0.5625, 0.4659090909090909, 0.4791666666666667, 0.5955056179775281, 0.5425531914893617, 0.5053763440860215, 0.3372093023255814, 0.5, 0.5353535353535354, 0.5684210526315789, 0.48314606741573035]
['ivy_0.75_iP(50%)', 0.38636363636363635, 0.5483870967741935, 0.5376344086021505, 0.5795454545454546, 0.34831460674157305, 0.5151515151515151, 0.4725274725274725, 0.5632183908045977, 0.5444444444444444, 0.43010752688172044, 0.4777777777777778, 0.5568181818181818]
['ivy_0.75_iP(75%)', 0.6373626373626373, 0.5168539325842697, 0.38636363636363635, 0.4270833333333333, 0.3372093023255814, 0.5913978494623656, 0.45054945054945056, 0.43820224719101125, 0.41836734693877553, 0.5172413793103449, 0.4105263157894737, 0.5227272727272727]
