['jedit_Base', 0.04568527918781726, 0.04568527918781726, 0.04568527918781726, 0.04568527918781726, 0.04568527918781726, 0.04568527918781726, 0.04568527918781726, 0.04568527918781726, 0.04568527918781726, 0.04568527918781726, 0.04568527918781726, 0.04568527918781726, 0.04568527918781726, 0.04568527918781726, 0.04568527918781726, 0.04568527918781726, 0.04568527918781726, 0.04568527918781726, 0.04568527918781726, 0.04568527918781726, 0.04568527918781726, 0.04568527918781726, 0.04568527918781726, 0.04568527918781726]
['jedit_0.25', 0.2436548223350254, 0.27411167512690354, 0.27918781725888325, 0.18781725888324874, 0.28426395939086296, 0.19796954314720813, 0.13705583756345177, 0.19289340101522842, 0.116751269035533, 0.19796954314720813, 0.24873096446700507, 0.08629441624365482, 0.19796954314720813, 0.17766497461928935, 0.26903553299492383, 0.1116751269035533, 0.20812182741116753, 0.22842639593908629, 0.2639593908629442, 0.1319796954314721, 0.2639593908629442, 0.2182741116751269, 0.17766497461928935, 0.18274111675126903]
['jedit_0.5', 0.3147208121827411, 0.34517766497461927, 0.26903553299492383, 0.38578680203045684, 0.4010152284263959, 0.47715736040609136, 0.4365482233502538, 0.3350253807106599, 0.19796954314720813, 0.15228426395939088, 0.5228426395939086, 0.49238578680203043, 0.2893401015228426, 0.5380710659898477, 0.3401015228426396, 0.26903553299492383, 0.2893401015228426, 0.30456852791878175, 0.24873096446700507, 0.3248730964467005, 0.19796954314720813, 0.47715736040609136, 0.45685279187817257, 0.4619289340101523]
['jedit_0.75', 0.025380710659898477, 0.5736040609137056, 0.8020304568527918, 0.41116751269035534, 0.5989847715736041, 0.3604060913705584, 0.5634517766497462, 0.5939086294416244, 0.41624365482233505, 0.6903553299492385, 0.5786802030456852, 0.6649746192893401, 0.41116751269035534, 0.3553299492385787, 0.700507614213198, 0.39593908629441626, 0.20812182741116753, 0.25380710659898476, 0.5736040609137056, 0.40609137055837563, 0.6192893401015228, 0.5786802030456852, 0.39593908629441626, 0.5482233502538071]
['jedit_0.25_w', 0.1065989847715736, 0.2131979695431472, 0.19796954314720813, 0.17258883248730963, 0.2893401015228426, 0.14213197969543148, 0.1065989847715736, 0.2131979695431472, 0.30456852791878175, 0.13705583756345177, 0.2131979695431472, 0.25380710659898476, 0.13705583756345177, 0.233502538071066, 0.04060913705583756, 0.20812182741116753, 0.23857868020304568, 0.22842639593908629, 0.25888324873096447, 0.24873096446700507, 0.15228426395939088, 0.2436548223350254, 0.26903553299492383, 0.23857868020304568]
['jedit_0.5_w', 0.3401015228426396, 0.3147208121827411, 0.3147208121827411, 0.350253807106599, 0.45685279187817257, 0.30456852791878175, 0.3401015228426396, 0.25380710659898476, 0.49746192893401014, 0.2639593908629442, 0.350253807106599, 0.30456852791878175, 0.38578680203045684, 0.3299492385786802, 0.24873096446700507, 0.19289340101522842, 0.350253807106599, 0.38071065989847713, 0.3147208121827411, 0.08629441624365482, 0.3147208121827411, 0.39593908629441626, 0.34517766497461927, 0.27411167512690354]
['jedit_0.75_w', 0.7411167512690355, 0.17766497461928935, 0.25380710659898476, 0.5583756345177665, 0.5685279187817259, 0.4873096446700508, 0.7055837563451777, 0.030456852791878174, 0.4416243654822335, 0.18781725888324874, 0.751269035532995, 0.5532994923857868, 0.5736040609137056, 0.41624365482233505, 0.6243654822335025, 0.6751269035532995, 0.2233502538071066, 0.5939086294416244, 0.43147208121827413, 0.26903553299492383, 0.6954314720812182, 0.6192893401015228, 0.7461928934010152, 0.5177664974619289]
['jedit_0.25_w_iP(50%)', 0.06598984771573604, 0.14720812182741116, 0.09137055837563451, 0.04060913705583756, 0.03553299492385787, 0.08121827411167512, 0.06598984771573604, 0.1065989847715736, 0.09644670050761421, 0.1319796954314721, 0.06091370558375635, 0.07106598984771574, 0.08629441624365482, 0.12690355329949238, 0.1218274111675127, 0.1065989847715736, 0.14720812182741116, 0.116751269035533, 0.10152284263959391, 0.1319796954314721, 0.1065989847715736, 0.1319796954314721, 0.1218274111675127, 0.14213197969543148]
['jedit_0.5_w_iP(50%)', 0.18274111675126903, 0.02030456852791878, 0.1116751269035533, 0.05583756345177665, 0.05583756345177665, 0.14720812182741116, 0.19796954314720813, 0.18781725888324874, 0.29949238578680204, 0.13705583756345177, 0.08121827411167512, 0.27411167512690354, 0.19796954314720813, 0.16243654822335024, 0.19289340101522842, 0.1218274111675127, 0.09644670050761421, 0.22842639593908629, 0.25888324873096447, 0.16243654822335024, 0.06598984771573604, 0.17766497461928935, 0.08121827411167512, 0.18781725888324874]
['jedit_0.75_w_iP(50%)', 0.2131979695431472, 0.09644670050761421, 0.4010152284263959, 0.4416243654822335, 0.23857868020304568, 0.39086294416243655, 0.19289340101522842, 0.3604060913705584, 0.23857868020304568, 0.18274111675126903, 0.3756345177664975, 0.40609137055837563, 0.350253807106599, 0.2639593908629442, 0.34517766497461927, 0.3197969543147208, 0.29441624365482233, 0.4213197969543147, 0.3197969543147208, 0.38578680203045684, 0.2436548223350254, 0.14720812182741116, 0.09137055837563451, 0.3299492385786802]
