['jedit_Base', -0.032679738562091505, -0.0273972602739726, -0.06756756756756757, -0.06666666666666667, -0.033783783783783786, -0.05194805194805195, -0.0072992700729927005, -0.02702702702702703, -0.04, -0.047619047619047616, -0.02666666666666667, -0.027972027972027972, -0.05442176870748299, -0.034013605442176874, -0.02702702702702703, -0.0457516339869281, -0.02702702702702703, -0.027777777777777776, -0.08552631578947369, -0.05263157894736842, -0.03355704697986577, -0.007042253521126761, -0.04895104895104895, -0.06] , 142.0
['jedit_0.25', -0.052980132450331126, -0.006802721088435374, -0.057971014492753624, -0.04929577464788732, -0.007518796992481203, -0.1044776119402985, -0.07913669064748201, -0.15384615384615385, -0.03571428571428571, -0.15942028985507245, -0.0, -0.12244897959183673, -0.07518796992481203, -0.08571428571428572, -0.18243243243243243, -0.13768115942028986, -0.07194244604316546, -0.06802721088435375, -0.15862068965517243, -0.0425531914893617, -0.02054794520547945, -0.014492753623188406, -0.0625, -0.09420289855072464] , 129.5
['jedit_0.5', -0.0, -0.2857142857142857, -0.06382978723404255, -0.2517482517482518, -0.21333333333333335, -0.17777777777777778, -0.16546762589928057, -0.029411764705882353, -0.19424460431654678, -0.1267605633802817, -0.11428571428571428, -0.06944444444444445, -0.08633093525179857, -0.11805555555555555, -0.18248175182481752, -0.22794117647058823, -0.23741007194244604, -0.10810810810810811, -0.08333333333333333, -0.09420289855072464, -0.2535211267605634, -0.26573426573426573, -0.15172413793103448, -0.11678832116788321] , 122.0
['jedit_0.75', -0.4859154929577465, -0.10714285714285714, -0.5273972602739726, -0.013888888888888888, -0.3546099290780142, -0.2867647058823529, -0.12, -0.043478260869565216, -0.13513513513513514, -0.12056737588652482, -0.23308270676691728, -0.26119402985074625, -0.3582089552238806, -0.30201342281879195, -0.3706293706293706, -0.6153846153846154, -0.32167832167832167, -0.6783216783216783, -0.6, -0.3971631205673759, -0.014492753623188406, -0.21875, -0.5109489051094891, -0.03333333333333333] , 98.0
['jedit_0.25_w', -0.024691358024691357, -0.025806451612903226, -0.12738853503184713, -0.012345679012345678, -0.032679738562091505, -0.012738853503184714, -0.07643312101910828, -0.058823529411764705, -0.06060606060606061, -0.03164556962025317, -0.14465408805031446, -0.10126582278481013, -0.030120481927710843, -0.04938271604938271, -0.012658227848101266, -0.14814814814814814, -0.050955414012738856, -0.045454545454545456, -0.047619047619047616, -0.12179487179487179, -0.147239263803681, -0.09411764705882353, -0.18238993710691823, -0.05625] , 150.0
['jedit_0.5_w', -0.3660130718954248, -0.025157232704402517, -0.0196078431372549, -0.12337662337662338, -0.05, -0.06451612903225806, -0.12179487179487179, -0.11392405063291139, -0.03680981595092025, -0.18471337579617833, -0.006578947368421052, -0.03289473684210526, -0.09615384615384616, -0.3503184713375796, -0.2611464968152866, -0.28846153846153844, -0.19463087248322147, -0.17105263157894737, -0.24342105263157895, -0.3270440251572327, -0.03821656050955414, -0.25, -0.4064516129032258, -0.043478260869565216] , 136.0
['jedit_0.75_w', -0.24516129032258063, -0.03289473684210526, -0.66, -0.16216216216216217, -0.4, -0.44666666666666666, -0.34782608695652173, -0.4755244755244755, -0.11764705882352941, -0.013333333333333334, -0.42857142857142855, -0.17567567567567569, -0.11188811188811189, -0.6013513513513513, -0.0, -0.4899328859060403, -0.013422818791946308, -0.3288590604026846, -0.06338028169014084, -0.581081081081081, -0.44366197183098594, -0.2638888888888889, -0.10344827586206896, -0.05517241379310345] , 111.5
['jedit_0.25_w_iP(25%)', -0.03821656050955414, -0.025477707006369428, -0.019230769230769232, -0.05063291139240506, -0.03821656050955414, -0.02631578947368421, -0.01910828025477707, -0.025806451612903226, -0.0196078431372549, -0.03289473684210526, -0.006493506493506494, -0.04516129032258064, -0.03821656050955414, -0.019736842105263157, -0.01948051948051948, -0.05, -0.03870967741935484, -0.025806451612903226, -0.019867549668874173, -0.025806451612903226, -0.01935483870967742, -0.032467532467532464, -0.05625, -0.03164556962025317] , 151.0
['jedit_0.25_w_iP(50%)', -0.09090909090909091, -0.02531645569620253, -0.056962025316455694, -0.01875, -0.0064516129032258064, -0.049079754601226995, -0.062111801242236024, -0.08074534161490683, -0.018404907975460124, -0.03067484662576687, -0.06369426751592357, -0.02531645569620253, -0.04487179487179487, -0.01875, -0.025, -0.049689440993788817, -0.05625, -0.006211180124223602, -0.12804878048780488, -0.031446540880503145, -0.0379746835443038, -0.024844720496894408, -0.07784431137724551, -0.03680981595092025] , 154.0
['jedit_0.5_w_iP(25%)', -0.06329113924050633, -0.02666666666666667, -0.01948051948051948, -0.03164556962025317, -0.057692307692307696, -0.05063291139240506, -0.006578947368421052, -0.0196078431372549, -0.032679738562091505, -0.038461538461538464, -0.03225806451612903, -0.04487179487179487, -0.01948051948051948, -0.01935483870967742, -0.006666666666666667, -0.012987012987012988, -0.00641025641025641, -0.013513513513513514, -0.025806451612903226, -0.02531645569620253, -0.025806451612903226, -0.0064516129032258064, -0.012738853503184714, -0.03205128205128205] , 151.0
['jedit_0.5_w_iP(50%)', -0.06369426751592357, -0.006711409395973154, -0.006535947712418301, -0.11038961038961038, -0.22435897435897437, -0.11038961038961038, -0.0784313725490196, -0.04, -0.06451612903225806, -0.10526315789473684, -0.03205128205128205, -0.08974358974358974, -0.10596026490066225, -0.01948051948051948, -0.24342105263157895, -0.06578947368421052, -0.09375, -0.012987012987012988, -0.046357615894039736, -0.013333333333333334, -0.01282051282051282, -0.06493506493506493, -0.05063291139240506, -0.18181818181818182] , 144.0
['jedit_0.75_w_iP(25%)', -0.032679738562091505, -0.006622516556291391, -0.02564102564102564, -0.033112582781456956, -0.05128205128205128, -0.026143790849673203, -0.0457516339869281, -0.019867549668874173, -0.0, -0.08227848101265822, -0.006578947368421052, -0.05161290322580645, -0.032679738562091505, -0.0, -0.03896103896103896, -0.0, -0.05228758169934641, -0.050955414012738856, -0.03164556962025317, -0.0, -0.025974025974025976, -0.032467532467532464, -0.05128205128205128, -0.019736842105263157] , 148.5
['jedit_0.75_w_iP(50%)', -0.03125, -0.25316455696202533, -0.025157232704402517, -0.07926829268292683, -0.03184713375796178, -0.057692307692307696, -0.07407407407407407, -0.041916167664670656, -0.25806451612903225, -0.01282051282051282, -0.1830065359477124, -0.01910828025477707, -0.05732484076433121, -0.2229299363057325, -0.4601226993865031, -0.13043478260869565, -0.11949685534591195, -0.21341463414634146, -0.33540372670807456, -0.4713375796178344, -0.12352941176470589, -0.1686746987951807, -0.27044025157232704, -0.32903225806451614] , 140.0
