['jedit_Base', 0.5266666666666666, 0.5586206896551724, 0.4863013698630137, 0.49324324324324326, 0.5294117647058824, 0.6, 0.5694444444444444, 0.5298013245033113, 0.52, 0.5761589403973509, 0.6153846153846154, 0.54421768707483, 0.5266666666666666, 0.5547945205479452, 0.5531914893617021, 0.56, 0.5733333333333334, 0.5472972972972973, 0.4827586206896552, 0.5734265734265734, 0.5466666666666666, 0.5616438356164384, 0.5743243243243243, 0.541095890410959]
['jedit_0.25', 0.47586206896551725, 0.5068493150684932, 0.477124183006536, 0.4621212121212121, 0.4866666666666667, 0.4675324675324675, 0.5584415584415584, 0.5, 0.4675324675324675, 0.5394736842105263, 0.5970149253731343, 0.6054421768707483, 0.503448275862069, 0.5866666666666667, 0.5555555555555556, 0.47651006711409394, 0.5844155844155844, 0.47619047619047616, 0.4276315789473684, 0.48322147651006714, 0.5314685314685315, 0.5342465753424658, 0.6216216216216216, 0.48322147651006714]
['jedit_0.5', 0.6891891891891891, 0.6083916083916084, 0.5766423357664233, 0.5882352941176471, 0.4473684210526316, 0.5416666666666666, 0.7, 0.6642857142857143, 0.6901408450704225, 0.6503496503496503, 0.5540540540540541, 0.528169014084507, 0.7161290322580646, 0.7323943661971831, 0.5066666666666667, 0.5533333333333333, 0.5579710144927537, 0.4785714285714286, 0.7272727272727273, 0.5686274509803921, 0.6126760563380281, 0.7142857142857143, 0.6870748299319728, 0.6715328467153284]
['jedit_0.75', 0.6187050359712231, 0.5357142857142857, 0.8169014084507042, 0.6223776223776224, 0.6466666666666666, 0.5416666666666666, 0.7103448275862069, 0.5833333333333334, 0.6538461538461539, 0.5918367346938775, 0.60431654676259, 0.6879432624113475, 0.44805194805194803, 0.6688741721854304, 0.6783216783216783, 0.5923566878980892, 0.7687074829931972, 0.5972222222222222, 0.5827814569536424, 0.5945945945945946, 0.7272727272727273, 0.5266666666666666, 0.6942675159235668, 0.6644736842105263]
['jedit_0.25_w', 0.4689655172413793, 0.5957446808510638, 0.4383561643835616, 0.5735294117647058, 0.4967741935483871, 0.574468085106383, 0.5337837837837838, 0.5878378378378378, 0.5263157894736842, 0.5140845070422535, 0.4563758389261745, 0.5266666666666666, 0.43661971830985913, 0.5333333333333333, 0.4965986394557823, 0.48951048951048953, 0.4357142857142857, 0.5693430656934306, 0.5208333333333334, 0.6444444444444445, 0.5761589403973509, 0.4225352112676056, 0.42567567567567566, 0.5652173913043478]
['jedit_0.5_w', 0.5472972972972973, 0.6736111111111112, 0.5909090909090909, 0.5933333333333334, 0.4965034965034965, 0.5103448275862069, 0.6597222222222222, 0.5845070422535211, 0.68, 0.5886524822695035, 0.6666666666666666, 0.5032258064516129, 0.756578947368421, 0.5838926174496645, 0.738562091503268, 0.5067567567567568, 0.7350993377483444, 0.5915492957746479, 0.5163398692810458, 0.6405228758169934, 0.5894039735099338, 0.5131578947368421, 0.8, 0.6131386861313869]
['jedit_0.75_w', 0.6503496503496503, 0.6597222222222222, 0.47619047619047616, 0.4583333333333333, 0.6711409395973155, 0.5664335664335665, 0.7933333333333333, 0.5592105263157895, 0.6842105263157895, 0.4825174825174825, 0.6496350364963503, 0.3284671532846715, 0.6099290780141844, 0.4967741935483871, 0.5777777777777777, 0.678082191780822, 0.6402877697841727, 0.6577181208053692, 0.49640287769784175, 0.68, 0.3472222222222222, 0.7862068965517242, 0.5337423312883436, 0.62]
['jedit_0.25_w_iP(50%)', 0.5786163522012578, 0.5724137931034483, 0.5174825174825175, 0.5503355704697986, 0.5815602836879432, 0.5486111111111112, 0.5347222222222222, 0.5374149659863946, 0.5570469798657718, 0.5133333333333333, 0.5263157894736842, 0.5070422535211268, 0.56, 0.5111111111111111, 0.5374149659863946, 0.5070422535211268, 0.5454545454545454, 0.5133333333333333, 0.5197368421052632, 0.5032679738562091, 0.5273972602739726, 0.5324675324675324, 0.5714285714285714, 0.5342465753424658]
['jedit_0.5_w_iP(50%)', 0.56, 0.6405228758169934, 0.5036496350364964, 0.5804195804195804, 0.5769230769230769, 0.5357142857142857, 0.6089743589743589, 0.474025974025974, 0.6071428571428571, 0.6592592592592592, 0.4861111111111111, 0.5629139072847682, 0.6037735849056604, 0.5974025974025974, 0.4931506849315068, 0.4966442953020134, 0.49295774647887325, 0.6690140845070423, 0.5985915492957746, 0.5586206896551724, 0.5686274509803921, 0.5774647887323944, 0.6493506493506493, 0.5857142857142857]
['jedit_0.75_w_iP(50%)', 0.7615894039735099, 0.6038961038961039, 0.676056338028169, 0.5460992907801419, 0.6709677419354839, 0.5422535211267606, 0.5384615384615384, 0.4966887417218543, 0.46206896551724136, 0.6538461538461539, 0.6133333333333333, 0.48, 0.5277777777777778, 0.704225352112676, 0.5732484076433121, 0.5070422535211268, 0.5970149253731343, 0.6764705882352942, 0.6153846153846154, 0.5578231292517006, 0.5337837837837838, 0.6642857142857143, 0.5704225352112676, 0.6906474820143885]
