['jedit_Base', 0.5069444444444444, 0.4927536231884058, 0.577922077922078, 0.5, 0.5140845070422535, 0.5302013422818792, 0.5766423357664233, 0.5424836601307189, 0.5894039735099338, 0.49264705882352944, 0.5189873417721519, 0.5071428571428571]
['jedit_0.25', 0.543046357615894, 0.45454545454545453, 0.5492957746478874, 0.6216216216216216, 0.4794520547945205, 0.43333333333333335, 0.4429530201342282, 0.58, 0.6241610738255033, 0.5641025641025641, 0.463768115942029, 0.5413533834586466]
['jedit_0.5', 0.5605095541401274, 0.7142857142857143, 0.6410256410256411, 0.4928571428571429, 0.6490066225165563, 0.6344827586206897, 0.6081081081081081, 0.5973154362416108, 0.5526315789473685, 0.5374149659863946, 0.6535947712418301, 0.5379310344827586]
['jedit_0.75', 0.5789473684210527, 0.39490445859872614, 0.6758620689655173, 0.8040540540540541, 0.40131578947368424, 0.5405405405405406, 0.6137931034482759, 0.6168831168831169, 0.6388888888888888, 0.5174825174825175, 0.7534246575342466, 0.5909090909090909]
['jedit_0.25_w', 0.549618320610687, 0.6129032258064516, 0.525974025974026, 0.5314685314685315, 0.5, 0.6180555555555556, 0.5136986301369864, 0.5357142857142857, 0.48344370860927155, 0.5629139072847682, 0.6190476190476191, 0.4676258992805755]
['jedit_0.5_w', 0.44755244755244755, 0.6394557823129252, 0.6394557823129252, 0.5244755244755245, 0.5753424657534246, 0.6330935251798561, 0.6891891891891891, 0.6466666666666666, 0.6948051948051948, 0.62, 0.6622516556291391, 0.6142857142857143]
['jedit_0.75_w', 0.3120567375886525, 0.5771812080536913, 0.45751633986928103, 0.6805555555555556, 0.6821192052980133, 0.6666666666666666, 0.5878378378378378, 0.4421768707482993, 0.6462585034013606, 0.5827814569536424, 0.6778523489932886, 0.6266666666666667]
['jedit_0.25_w_iP(25%)', 0.5588235294117647, 0.496551724137931, 0.49645390070921985, 0.5766423357664233, 0.6013986013986014, 0.5562913907284768, 0.539568345323741, 0.5935483870967742, 0.5138888888888888, 0.5503355704697986, 0.5403726708074534, 0.5555555555555556]
['jedit_0.25_w_iP(50%)', 0.5032679738562091, 0.4074074074074074, 0.5374149659863946, 0.49295774647887325, 0.58, 0.5838926174496645, 0.5633802816901409, 0.49295774647887325, 0.5821917808219178, 0.5947712418300654, 0.5405405405405406, 0.5333333333333333]
['jedit_0.25_w_iP(75%)', 0.5314685314685315, 0.5671641791044776, 0.5862068965517241, 0.5833333333333334, 0.5443037974683544, 0.5306122448979592, 0.5441176470588235, 0.5197368421052632, 0.6, 0.5578231292517006, 0.5441176470588235, 0.6125]
['jedit_0.5_w_iP(25%)', 0.5234899328859061, 0.6049382716049383, 0.5466666666666666, 0.5637583892617449, 0.5540540540540541, 0.6, 0.5416666666666666, 0.5637583892617449, 0.5806451612903226, 0.5068493150684932, 0.5724137931034483, 0.5414012738853503]
['jedit_0.5_w_iP(50%)', 0.547945205479452, 0.6153846153846154, 0.5539568345323741, 0.5673758865248227, 0.5705128205128205, 0.5486111111111112, 0.6950354609929078, 0.5448275862068965, 0.5306122448979592, 0.6148648648648649, 0.6756756756756757, 0.68]
['jedit_0.5_w_iP(75%)', 0.5510204081632653, 0.45714285714285713, 0.5228758169934641, 0.5838926174496645, 0.6180555555555556, 0.6223776223776224, 0.5448717948717948, 0.42567567567567566, 0.5763888888888888, 0.668918918918919, 0.6241610738255033, 0.5957446808510638]
['jedit_0.75_w_iP(25%)', 0.5405405405405406, 0.5782312925170068, 0.5695364238410596, 0.475177304964539, 0.538961038961039, 0.5736434108527132, 0.5436241610738255, 0.5467625899280576, 0.5133333333333333, 0.593103448275862, 0.5902777777777778, 0.5238095238095238]
['jedit_0.75_w_iP(50%)', 0.5804195804195804, 0.5098039215686274, 0.5960264900662252, 0.7428571428571429, 0.7718120805369127, 0.5454545454545454, 0.5374149659863946, 0.6044776119402985, 0.6513157894736842, 0.6274509803921569, 0.5460526315789473, 0.5374149659863946]
['jedit_0.75_w_iP(75%)', 0.6142857142857143, 0.6666666666666666, 0.7248322147651006, 0.7337662337662337, 0.6, 0.6691176470588235, 0.8, 0.7202797202797203, 0.5882352941176471, 0.717948717948718, 0.8291139240506329, 0.6388888888888888]
['jedit_0.25_iP(25%)', 0.556390977443609, 0.525974025974026, 0.5405405405405406, 0.5897435897435898, 0.49635036496350365, 0.55, 0.5144927536231884, 0.56, 0.5486111111111112, 0.5899280575539568, 0.524822695035461, 0.5579710144927537]
['jedit_0.25_iP(50%)', 0.46621621621621623, 0.5359477124183006, 0.5072463768115942, 0.538961038961039, 0.5694444444444444, 0.5263157894736842, 0.5673758865248227, 0.5533333333333333, 0.5608108108108109, 0.5816993464052288, 0.47101449275362317, 0.5448275862068965]
['jedit_0.25_iP(75%)', 0.6535947712418301, 0.54421768707483, 0.528169014084507, 0.5986842105263158, 0.55, 0.54421768707483, 0.5, 0.5138888888888888, 0.5064935064935064, 0.4896551724137931, 0.5104895104895105, 0.5319148936170213]
['jedit_0.5_iP(25%)', 0.5547945205479452, 0.5675675675675675, 0.54421768707483, 0.5608108108108109, 0.5174825174825175, 0.564625850340136, 0.5474452554744526, 0.6095890410958904, 0.503448275862069, 0.5140845070422535, 0.5231788079470199, 0.5036496350364964]
['jedit_0.5_iP(50%)', 0.6774193548387096, 0.45652173913043476, 0.7394366197183099, 0.6556291390728477, 0.6363636363636364, 0.45390070921985815, 0.5441176470588235, 0.6126760563380281, 0.5735294117647058, 0.5592105263157895, 0.696551724137931, 0.5986394557823129]
['jedit_0.5_iP(75%)', 0.5633802816901409, 0.5921052631578947, 0.6344827586206897, 0.5323741007194245, 0.5481481481481482, 0.527027027027027, 0.5503355704697986, 0.6330935251798561, 0.5675675675675675, 0.5416666666666666, 0.5945945945945946, 0.5616438356164384]
['jedit_0.75_iP(25%)', 0.5793103448275863, 0.4931506849315068, 0.5642857142857143, 0.668918918918919, 0.5, 0.5298013245033113, 0.5921052631578947, 0.5675675675675675, 0.5874125874125874, 0.5906040268456376, 0.5, 0.5517241379310345]
['jedit_0.75_iP(50%)', 0.547945205479452, 0.7432432432432432, 0.6142857142857143, 0.6453900709219859, 0.8287671232876712, 0.7328767123287672, 0.6896551724137931, 0.6258992805755396, 0.6527777777777778, 0.6394557823129252, 0.5524475524475524, 0.5972222222222222]
['jedit_0.75_iP(75%)', 0.7430555555555556, 0.6474820143884892, 0.6602564102564102, 0.593103448275862, 0.49032258064516127, 0.6776315789473685, 0.5761589403973509, 0.6099290780141844, 0.5704225352112676, 0.5958904109589042, 0.7215189873417721, 0.6451612903225806]
