['log4j_Base', 0.32857142857142857, 0.2857142857142857, 0.3448275862068966, 0.30985915492957744, 0.33783783783783783, 0.2857142857142857, 0.21875, 0.28169014084507044, 0.3150684931506849, 0.25, 0.3333333333333333, 0.3142857142857143]
['log4j_0.25', 0.10606060606060606, 0.25806451612903225, 0.23333333333333334, 0.15714285714285714, 0.25, 0.047619047619047616, 0.08928571428571429, 0.2714285714285714, 0.136986301369863, 0.31343283582089554, 0.26229508196721313, 0.2318840579710145]
['log4j_0.5', 0.09230769230769231, 0.14864864864864866, 0.21621621621621623, 0.10144927536231885, 0.2222222222222222, 0.1780821917808219, 0.11267605633802817, 0.10144927536231885, 0.13043478260869565, 0.3225806451612903, 0.0625, 0.1780821917808219]
['log4j_0.75', 0.2898550724637681, 0.19672131147540983, 0.14285714285714285, 0.14666666666666667, 0.14925373134328357, 0.2112676056338028, 0.11428571428571428, 0.20967741935483872, 0.3050847457627119, 0.11594202898550725, 0.23076923076923078, 0.16666666666666666]
['log4j_0.25_w', 0.14285714285714285, 0.30985915492957744, 0.171875, 0.1527777777777778, 0.1724137931034483, 0.20833333333333334, 0.3194444444444444, 0.19696969696969696, 0.14285714285714285, 0.34782608695652173, 0.2638888888888889, 0.32786885245901637]
['log4j_0.5_w', 0.22033898305084745, 0.21428571428571427, 0.12857142857142856, 0.06779661016949153, 0.10344827586206896, 0.14285714285714285, 0.1791044776119403, 0.12, 0.11475409836065574, 0.056338028169014086, 0.2903225806451613, 0.1864406779661017]
['log4j_0.75_w', 0.20588235294117646, 0.2982456140350877, 0.10144927536231885, 0.2833333333333333, 0.38095238095238093, 0.3582089552238806, 0.028985507246376812, 0.22950819672131148, 0.171875, 0.4576271186440678, 0.2, 0.359375]
['log4j_0.25_w_iP(25%)', 0.3333333333333333, 0.375, 0.22058823529411764, 0.2714285714285714, 0.2982456140350877, 0.2537313432835821, 0.2608695652173913, 0.31746031746031744, 0.24285714285714285, 0.2702702702702703, 0.2857142857142857, 0.2916666666666667]
['log4j_0.25_w_iP(50%)', 0.352112676056338, 0.3380281690140845, 0.2112676056338028, 0.3, 0.21875, 0.2222222222222222, 0.19672131147540983, 0.29508196721311475, 0.1694915254237288, 0.1206896551724138, 0.26666666666666666, 0.29310344827586204]
['log4j_0.25_w_iP(75%)', 0.2465753424657534, 0.10294117647058823, 0.23529411764705882, 0.21311475409836064, 0.21311475409836064, 0.23880597014925373, 0.208955223880597, 0.3076923076923077, 0.12307692307692308, 0.2537313432835821, 0.39436619718309857, 0.25]
['log4j_0.5_w_iP(25%)', 0.19480519480519481, 0.3380281690140845, 0.3148148148148148, 0.296875, 0.3142857142857143, 0.3225806451612903, 0.3559322033898305, 0.2463768115942029, 0.2857142857142857, 0.323943661971831, 0.2459016393442623, 0.2727272727272727]
['log4j_0.5_w_iP(50%)', 0.24242424242424243, 0.3055555555555556, 0.20588235294117646, 0.16216216216216217, 0.30434782608695654, 0.2714285714285714, 0.23728813559322035, 0.14084507042253522, 0.208955223880597, 0.14516129032258066, 0.22058823529411764, 0.21428571428571427]
['log4j_0.5_w_iP(75%)', 0.11594202898550725, 0.15625, 0.19718309859154928, 0.24, 0.2465753424657534, 0.19672131147540983, 0.0945945945945946, 0.17567567567567569, 0.18571428571428572, 0.15942028985507245, 0.0847457627118644, 0.2318840579710145]
['log4j_0.75_w_iP(25%)', 0.32432432432432434, 0.3050847457627119, 0.39655172413793105, 0.3088235294117647, 0.30158730158730157, 0.3387096774193548, 0.2676056338028169, 0.375, 0.2222222222222222, 0.3142857142857143, 0.2857142857142857, 0.30158730158730157]
['log4j_0.75_w_iP(50%)', 0.296875, 0.30357142857142855, 0.125, 0.24561403508771928, 0.2571428571428571, 0.29411764705882354, 0.3287671232876712, 0.16666666666666666, 0.3064516129032258, 0.17142857142857143, 0.14754098360655737, 0.2602739726027397]
['log4j_0.75_w_iP(75%)', 0.15942028985507245, 0.20833333333333334, 0.11428571428571428, 0.171875, 0.21428571428571427, 0.23214285714285715, 0.14492753623188406, 0.13114754098360656, 0.1, 0.32786885245901637, 0.265625, 0.3225806451612903]
['log4j_0.25_iP(25%)', 0.19696969696969696, 0.3620689655172414, 0.25, 0.323943661971831, 0.2753623188405797, 0.35294117647058826, 0.36231884057971014, 0.3333333333333333, 0.25757575757575757, 0.28169014084507044, 0.22580645161290322, 0.21212121212121213]
['log4j_0.25_iP(50%)', 0.20689655172413793, 0.3181818181818182, 0.203125, 0.24193548387096775, 0.30357142857142855, 0.3472222222222222, 0.296875, 0.29411764705882354, 0.3382352941176471, 0.2786885245901639, 0.2328767123287671, 0.30303030303030304]
['log4j_0.25_iP(75%)', 0.38571428571428573, 0.2054794520547945, 0.13333333333333333, 0.2222222222222222, 0.18333333333333332, 0.07272727272727272, 0.2361111111111111, 0.1506849315068493, 0.23943661971830985, 0.34375, 0.18181818181818182, 0.20270270270270271]
['log4j_0.5_iP(25%)', 0.2777777777777778, 0.2602739726027397, 0.208955223880597, 0.2714285714285714, 0.265625, 0.27419354838709675, 0.2571428571428571, 0.3382352941176471, 0.2361111111111111, 0.33783783783783783, 0.3584905660377358, 0.3333333333333333]
['log4j_0.5_iP(50%)', 0.28125, 0.208955223880597, 0.45901639344262296, 0.22580645161290322, 0.18055555555555555, 0.26666666666666666, 0.06666666666666667, 0.3728813559322034, 0.3050847457627119, 0.2537313432835821, 0.3088235294117647, 0.14516129032258066]
['log4j_0.5_iP(75%)', 0.27941176470588236, 0.30434782608695654, 0.2786885245901639, 0.36619718309859156, 0.19672131147540983, 0.21052631578947367, 0.22033898305084745, 0.21311475409836064, 0.25806451612903225, 0.32857142857142857, 0.18518518518518517, 0.26229508196721313]
['log4j_0.75_iP(25%)', 0.359375, 0.32857142857142857, 0.3559322033898305, 0.2857142857142857, 0.3382352941176471, 0.2, 0.2835820895522388, 0.2903225806451613, 0.359375, 0.18840579710144928, 0.22727272727272727, 0.27419354838709675]
['log4j_0.75_iP(50%)', 0.2535211267605634, 0.30985915492957744, 0.2571428571428571, 0.208955223880597, 0.24615384615384617, 0.2786885245901639, 0.3728813559322034, 0.4696969696969697, 0.26229508196721313, 0.5972222222222222, 0.208955223880597, 0.18461538461538463]
['log4j_0.75_iP(75%)', 0.1111111111111111, 0.24193548387096775, 0.29508196721311475, 0.15714285714285714, 0.2054794520547945, 0.14754098360655737, 0.18309859154929578, 0.16666666666666666, 0.14285714285714285, 0.20967741935483872, 0.21739130434782608, 0.3870967741935484]
