['log4j_Base', 0.1076923076923077, 0.1076923076923077, 0.06779661016949153, 0.1076923076923077, 0.06779661016949153, 0.1076923076923077, 0.06779661016949153, 0.1076923076923077, 0.1076923076923077, 0.1076923076923077, 0.1076923076923077, 0.06779661016949153, 0.06779661016949153, 0.1076923076923077, 0.06779661016949153, 0.06779661016949153, 0.06779661016949153, 0.1076923076923077, 0.1076923076923077, 0.06779661016949153, 0.1076923076923077, 0.06779661016949153, 0.1076923076923077, 0.1076923076923077]
['log4j_0.25', 0.13846153846153847, 0.12307692307692308, 0.13846153846153847, 0.0847457627118644, 0.12307692307692308, 0.13559322033898305, 0.03389830508474576, 0.18461538461538463, 0.13846153846153847, 0.05084745762711865, 0.12307692307692308, 0.11864406779661017, 0.07692307692307693, 0.1016949152542373, 0.1694915254237288, 0.05084745762711865, 0.06779661016949153, 0.18461538461538463, 0.16923076923076924, 0.1016949152542373, 0.11864406779661017, 0.06779661016949153, 0.06779661016949153, 0.07692307692307693]
['log4j_0.5', 0.16923076923076924, 0.1016949152542373, 0.15384615384615385, 0.18461538461538463, 0.1864406779661017, 0.1016949152542373, 0.2, 0.2, 0.24615384615384617, 0.18461538461538463, 0.1016949152542373, 0.05084745762711865, 0.1864406779661017, 0.09230769230769231, 0.16923076923076924, 0.05084745762711865, 0.18461538461538463, 0.15254237288135594, 0.06779661016949153, 0.1016949152542373, 0.09230769230769231, 0.1694915254237288, 0.05084745762711865, 0.0847457627118644]
['log4j_0.75', 0.15254237288135594, 0.22033898305084745, 0.1076923076923077, 0.1016949152542373, 0.26153846153846155, 0.49230769230769234, 0.2711864406779661, 0.16923076923076924, 0.1864406779661017, 0.1016949152542373, 0.1016949152542373, 0.36923076923076925, 0.0, 0.4, 0.1016949152542373, 0.3076923076923077, 0.38461538461538464, 0.15384615384615385, 0.1864406779661017, 0.288135593220339, 0.5692307692307692, 0.27692307692307694, 0.3050847457627119, 0.15384615384615385]
['log4j_0.25_w', 0.1016949152542373, 0.07692307692307693, 0.09230769230769231, 0.11864406779661017, 0.12307692307692308, 0.15384615384615385, 0.12307692307692308, 0.0847457627118644, 0.13846153846153847, 0.1016949152542373, 0.1076923076923077, 0.1016949152542373, 0.1016949152542373, 0.09230769230769231, 0.12307692307692308, 0.12307692307692308, 0.12307692307692308, 0.09230769230769231, 0.1016949152542373, 0.16923076923076924, 0.0847457627118644, 0.15254237288135594, 0.03389830508474576, 0.09230769230769231]
['log4j_0.5_w', 0.27692307692307694, 0.06779661016949153, 0.2, 0.2, 0.07692307692307693, 0.1016949152542373, 0.0847457627118644, 0.23076923076923078, 0.06779661016949153, 0.2923076923076923, 0.06779661016949153, 0.26153846153846155, 0.1016949152542373, 0.0847457627118644, 0.18461538461538463, 0.03389830508474576, 0.05084745762711865, 0.1016949152542373, 0.05084745762711865, 0.3384615384615385, 0.05084745762711865, 0.18461538461538463, 0.13846153846153847, 0.15384615384615385]
['log4j_0.75_w', 0.11864406779661017, 0.3384615384615385, 0.05084745762711865, 0.26153846153846155, 0.4, 0.11864406779661017, 0.11864406779661017, 0.3728813559322034, 0.15384615384615385, 0.1016949152542373, 0.5846153846153846, 0.4153846153846154, 0.22033898305084745, 0.36923076923076925, 0.15254237288135594, 0.26153846153846155, 0.05084745762711865, 0.1016949152542373, 0.06779661016949153, 0.1694915254237288, 0.2923076923076923, 0.18461538461538463, 0.15254237288135594, 0.12307692307692308]
['log4j_0.25_w_iP(50%)', 0.0847457627118644, 0.12307692307692308, 0.1076923076923077, 0.1076923076923077, 0.15384615384615385, 0.06779661016949153, 0.09230769230769231, 0.0847457627118644, 0.06779661016949153, 0.09230769230769231, 0.0847457627118644, 0.0847457627118644, 0.13846153846153847, 0.13846153846153847, 0.05084745762711865, 0.11864406779661017, 0.16923076923076924, 0.12307692307692308, 0.09230769230769231, 0.0847457627118644, 0.1076923076923077, 0.11864406779661017, 0.12307692307692308, 0.03389830508474576]
['log4j_0.5_w_iP(50%)', 0.1076923076923077, 0.1076923076923077, 0.1016949152542373, 0.13846153846153847, 0.01694915254237288, 0.15384615384615385, 0.0847457627118644, 0.1076923076923077, 0.2153846153846154, 0.12307692307692308, 0.0847457627118644, 0.2, 0.0847457627118644, 0.09230769230769231, 0.0847457627118644, 0.01694915254237288, 0.05084745762711865, 0.16923076923076924, 0.0847457627118644, 0.03389830508474576, 0.05084745762711865, 0.16923076923076924, 0.12307692307692308, 0.06779661016949153]
['log4j_0.75_w_iP(50%)', 0.06779661016949153, 0.1694915254237288, 0.15384615384615385, 0.0847457627118644, 0.22033898305084745, 0.1694915254237288, 0.0847457627118644, 0.1076923076923077, 0.13846153846153847, 0.16923076923076924, 0.1694915254237288, 0.13559322033898305, 0.06779661016949153, 0.27692307692307694, 0.15254237288135594, 0.13559322033898305, 0.15384615384615385, 0.2033898305084746, 0.1694915254237288, 0.1864406779661017, 0.16923076923076924, 0.2923076923076923, 0.12307692307692308, 0.12307692307692308]
