['log4j_Base', 0.2676056338028169, 0.2727272727272727, 0.4090909090909091, 0.34782608695652173, 0.32786885245901637, 0.35384615384615387, 0.288135593220339, 0.31343283582089554, 0.3230769230769231, 0.2413793103448276, 0.2786885245901639, 0.2777777777777778, 0.3333333333333333, 0.30985915492957744, 0.28169014084507044, 0.2777777777777778, 0.2916666666666667, 0.2361111111111111, 0.2786885245901639, 0.24193548387096775, 0.2962962962962963, 0.2916666666666667, 0.30434782608695654, 0.3055555555555556]
['log4j_0.25', 0.2463768115942029, 0.10526315789473684, 0.21212121212121213, 0.1896551724137931, 0.18461538461538463, 0.1746031746031746, 0.26666666666666666, 0.2, 0.1111111111111111, 0.12903225806451613, 0.11428571428571428, 0.2, 0.14516129032258066, 0.22413793103448276, 0.27586206896551724, 0.3333333333333333, 0.2465753424657534, 0.13333333333333333, 0.3150684931506849, 0.14285714285714285, 0.12307692307692308, 0.23214285714285715, 0.16176470588235295, 0.20967741935483872]
['log4j_0.5', 0.22972972972972974, 0.25862068965517243, 0.3472222222222222, 0.2033898305084746, 0.17543859649122806, 0.06557377049180328, 0.11267605633802817, 0.32142857142857145, 0.18571428571428572, 0.35, 0.1111111111111111, 0.23333333333333334, 0.11594202898550725, 0.36231884057971014, 0.3076923076923077, 0.265625, 0.22580645161290322, 0.3050847457627119, 0.18309859154929578, 0.12698412698412698, 0.1388888888888889, 0.23809523809523808, 0.16666666666666666, 0.2463768115942029]
['log4j_0.75', 0.11764705882352941, 0.21428571428571427, 0.08823529411764706, 0.2647058823529412, 0.12857142857142856, 0.24324324324324326, 0.12698412698412698, 0.057971014492753624, 0.14545454545454545, 0.10666666666666667, 0.08571428571428572, 0.125, 0.31666666666666665, 0.3125, 0.08695652173913043, 0.31746031746031744, 0.4107142857142857, 0.11940298507462686, 0.3181818181818182, 0.10144927536231885, 0.20634920634920634, 0.4461538461538462, 0.07042253521126761, 0.3088235294117647]
['log4j_0.25_w', 0.2608695652173913, 0.2, 0.09836065573770492, 0.11666666666666667, 0.4117647058823529, 0.21875, 0.26153846153846155, 0.2571428571428571, 0.2727272727272727, 0.22535211267605634, 0.2463768115942029, 0.2647058823529412, 0.1232876712328767, 0.19444444444444445, 0.208955223880597, 0.30985915492957744, 0.3508771929824561, 0.0945945945945946, 0.20634920634920634, 0.06666666666666667, 0.2631578947368421, 0.1774193548387097, 0.18032786885245902, 0.22535211267605634]
['log4j_0.5_w', 0.2535211267605634, 0.16417910447761194, 0.18055555555555555, 0.17142857142857143, 0.22413793103448276, 0.2, 0.25, 0.2698412698412698, 0.2112676056338028, 0.3, 0.1643835616438356, 0.08450704225352113, 0.28125, 0.13793103448275862, 0.2878787878787879, 0.1, 0.4262295081967213, 0.22033898305084745, 0.1694915254237288, 0.2878787878787879, 0.15384615384615385, 0.15151515151515152, 0.3484848484848485, 0.20967741935483872]
['log4j_0.75_w', 0.04411764705882353, 0.4642857142857143, 0.08571428571428572, 0.18032786885245902, 0.38181818181818183, 0.15492957746478872, 0.08450704225352113, 0.07575757575757576, 0.24193548387096775, 0.25, 0.2413793103448276, 0.11475409836065574, 0.2535211267605634, 0.2602739726027397, 0.296875, 0.0821917808219178, 0.18840579710144928, 0.15714285714285714, 0.15789473684210525, 0.2571428571428571, 0.39655172413793105, 0.029850746268656716, 0.16901408450704225, 0.28378378378378377]
['log4j_0.25_w_iP(50%)', 0.23076923076923078, 0.06896551724137931, 0.21428571428571427, 0.25, 0.29508196721311475, 0.3088235294117647, 0.13846153846153847, 0.16666666666666666, 0.24193548387096775, 0.2028985507246377, 0.3076923076923077, 0.26865671641791045, 0.41379310344827586, 0.35714285714285715, 0.352112676056338, 0.273972602739726, 0.14084507042253522, 0.2222222222222222, 0.2463768115942029, 0.11320754716981132, 0.288135593220339, 0.27419354838709675, 0.20967741935483872, 0.3013698630136986]
['log4j_0.5_w_iP(50%)', 0.32142857142857145, 0.22535211267605634, 0.18666666666666668, 0.3333333333333333, 0.28169014084507044, 0.14492753623188406, 0.265625, 0.3380281690140845, 0.22580645161290322, 0.24242424242424243, 0.19444444444444445, 0.19402985074626866, 0.30158730158730157, 0.15151515151515152, 0.2112676056338028, 0.2857142857142857, 0.23333333333333334, 0.29508196721311475, 0.125, 0.22857142857142856, 0.3194444444444444, 0.2777777777777778, 0.36065573770491804, 0.1323529411764706]
['log4j_0.75_w_iP(50%)', 0.1232876712328767, 0.12121212121212122, 0.2711864406779661, 0.2898550724637681, 0.2465753424657534, 0.18309859154929578, 0.1388888888888889, 0.2465753424657534, 0.4067796610169492, 0.09859154929577464, 0.2878787878787879, 0.17142857142857143, 0.22058823529411764, 0.3333333333333333, 0.11594202898550725, 0.3148148148148148, 0.28125, 0.2676056338028169, 0.17391304347826086, 0.23333333333333334, 0.27419354838709675, 0.2, 0.3424657534246575, 0.3225806451612903]
