['lucene_Base', 0.3804347826086957, 0.5104166666666666, 0.39603960396039606, 0.35294117647058826, 0.4639175257731959, 0.34523809523809523, 0.45454545454545453, 0.3723404255319149, 0.38461538461538464, 0.4752475247524752, 0.4421052631578947, 0.46938775510204084, 0.4948453608247423, 0.425531914893617, 0.4423076923076923, 0.44329896907216493, 0.4222222222222222, 0.4431818181818182, 0.4716981132075472, 0.3888888888888889, 0.3723404255319149, 0.5098039215686274, 0.46296296296296297, 0.43529411764705883]
['lucene_0.25', 0.4270833333333333, 0.3786407766990291, 0.37894736842105264, 0.3163265306122449, 0.3956043956043956, 0.4, 0.4444444444444444, 0.3838383838383838, 0.3953488372093023, 0.3516483516483517, 0.3333333333333333, 0.35106382978723405, 0.44680851063829785, 0.44086021505376344, 0.45098039215686275, 0.2857142857142857, 0.3448275862068966, 0.46875, 0.34375, 0.4772727272727273, 0.40816326530612246, 0.3617021276595745, 0.4158415841584158, 0.32558139534883723]
['lucene_0.5', 0.3333333333333333, 0.31521739130434784, 0.5443037974683544, 0.36046511627906974, 0.33695652173913043, 0.425531914893617, 0.4791666666666667, 0.32673267326732675, 0.375, 0.3888888888888889, 0.38144329896907214, 0.3225806451612903, 0.5444444444444444, 0.3448275862068966, 0.3333333333333333, 0.30392156862745096, 0.4827586206896552, 0.34065934065934067, 0.42574257425742573, 0.3137254901960784, 0.53, 0.3047619047619048, 0.3176470588235294, 0.35714285714285715]
['lucene_0.75', 0.5196078431372549, 0.3469387755102041, 0.41, 0.27058823529411763, 0.3333333333333333, 0.41836734693877553, 0.5714285714285714, 0.32222222222222224, 0.43617021276595747, 0.39215686274509803, 0.2765957446808511, 0.2777777777777778, 0.3894736842105263, 0.2830188679245283, 0.40404040404040403, 0.24096385542168675, 0.5656565656565656, 0.3627450980392157, 0.33707865168539325, 0.375, 0.3473684210526316, 0.4523809523809524, 0.4387755102040816, 0.34523809523809523]
['lucene_0.25_w', 0.37349397590361444, 0.31313131313131315, 0.336734693877551, 0.3854166666666667, 0.5057471264367817, 0.28735632183908044, 0.4895833333333333, 0.38636363636363635, 0.38144329896907214, 0.4270833333333333, 0.2857142857142857, 0.35106382978723405, 0.3163265306122449, 0.29411764705882354, 0.42528735632183906, 0.38613861386138615, 0.31313131313131315, 0.23076923076923078, 0.3978494623655914, 0.3473684210526316, 0.3763440860215054, 0.40229885057471265, 0.4752475247524752, 0.3595505617977528]
['lucene_0.5_w', 0.23232323232323232, 0.5157894736842106, 0.7222222222222222, 0.3763440860215054, 0.52, 0.35714285714285715, 0.3076923076923077, 0.3191489361702128, 0.3333333333333333, 0.29347826086956524, 0.35802469135802467, 0.3263157894736842, 0.24175824175824176, 0.25287356321839083, 0.30120481927710846, 0.32989690721649484, 0.47959183673469385, 0.39361702127659576, 0.4, 0.28888888888888886, 0.3883495145631068, 0.37254901960784315, 0.3917525773195876, 0.3956043956043956]
['lucene_0.75_w', 0.3595505617977528, 0.4457831325301205, 0.42857142857142855, 0.36363636363636365, 0.3956043956043956, 0.3010752688172043, 0.38144329896907214, 0.4895833333333333, 0.36, 0.2891566265060241, 0.3888888888888889, 0.3229166666666667, 0.3978494623655914, 0.46, 0.3804347826086957, 0.3695652173913043, 0.4583333333333333, 0.3917525773195876, 0.37894736842105264, 0.5, 0.25742574257425743, 0.3626373626373626, 0.3786407766990291, 0.3877551020408163]
['lucene_0.25_w_iP(50%)', 0.46153846153846156, 0.5106382978723404, 0.45555555555555555, 0.4625, 0.5625, 0.43564356435643564, 0.40860215053763443, 0.5, 0.43820224719101125, 0.42574257425742573, 0.4, 0.36666666666666664, 0.5280898876404494, 0.42, 0.44680851063829785, 0.44086021505376344, 0.4536082474226804, 0.5306122448979592, 0.425531914893617, 0.4948453608247423, 0.4583333333333333, 0.5229357798165137, 0.3854166666666667, 0.4418604651162791]
['lucene_0.5_w_iP(50%)', 0.4631578947368421, 0.5104166666666666, 0.4772727272727273, 0.4639175257731959, 0.47368421052631576, 0.4444444444444444, 0.5, 0.4939759036144578, 0.5319148936170213, 0.42696629213483145, 0.45054945054945056, 0.5638297872340425, 0.4639175257731959, 0.5104166666666666, 0.46938775510204084, 0.5106382978723404, 0.5263157894736842, 0.4146341463414634, 0.4117647058823529, 0.4, 0.5368421052631579, 0.5, 0.5, 0.5319148936170213]
['lucene_0.75_w_iP(50%)', 0.5212765957446809, 0.4186046511627907, 0.574468085106383, 0.4583333333333333, 0.4631578947368421, 0.4473684210526316, 0.5728155339805825, 0.5056179775280899, 0.5591397849462365, 0.49019607843137253, 0.5161290322580645, 0.6078431372549019, 0.45161290322580644, 0.4423076923076923, 0.4431818181818182, 0.5, 0.4842105263157895, 0.5384615384615384, 0.43023255813953487, 0.5444444444444444, 0.5247524752475248, 0.5, 0.53125, 0.46236559139784944]
