['lucene_Base', 0.10227272727272728, 0.09090909090909091, 0.10227272727272728, 0.09090909090909091, 0.09090909090909091, 0.09090909090909091, 0.09090909090909091, 0.10227272727272728, 0.10227272727272728, 0.10227272727272728, 0.09090909090909091, 0.10227272727272728, 0.10227272727272728, 0.10227272727272728, 0.10227272727272728, 0.09090909090909091, 0.10227272727272728, 0.09090909090909091, 0.10227272727272728, 0.10227272727272728, 0.10227272727272728, 0.09090909090909091, 0.09090909090909091, 0.10227272727272728]
['lucene_0.25', 0.07954545454545454, 0.03409090909090909, 0.06818181818181818, 0.022727272727272728, 0.022727272727272728, 0.06818181818181818, 0.03409090909090909, 0.056818181818181816, 0.045454545454545456, 0.03409090909090909, 0.045454545454545456, 0.03409090909090909, 0.06818181818181818, 0.045454545454545456, 0.09090909090909091, 0.03409090909090909, 0.07954545454545454, 0.045454545454545456, 0.056818181818181816, 0.03409090909090909, 0.045454545454545456, 0.07954545454545454, 0.06818181818181818, 0.045454545454545456]
['lucene_0.5', 0.07954545454545454, 0.07954545454545454, 0.03409090909090909, 0.14772727272727273, 0.056818181818181816, 0.17045454545454544, 0.11363636363636363, 0.10227272727272728, 0.056818181818181816, 0.09090909090909091, 0.056818181818181816, 0.19318181818181818, 0.06818181818181818, 0.056818181818181816, 0.1590909090909091, 0.03409090909090909, 0.14772727272727273, 0.09090909090909091, 0.09090909090909091, 0.11363636363636363, 0.125, 0.07954545454545454, 0.03409090909090909, 0.2159090909090909]
['lucene_0.75', 0.26136363636363635, 0.25, 0.2727272727272727, 0.20454545454545456, 0.20454545454545456, 0.3409090909090909, 0.23863636363636365, 0.29545454545454547, 0.26136363636363635, 0.17045454545454544, 0.3522727272727273, 0.38636363636363635, 0.19318181818181818, 0.22727272727272727, 0.4318181818181818, 0.23863636363636365, 0.2840909090909091, 0.056818181818181816, 0.18181818181818182, 0.29545454545454547, 0.23863636363636365, 0.19318181818181818, 0.4772727272727273, 0.2840909090909091]
['lucene_0.25_w', 0.022727272727272728, 0.10227272727272728, 0.022727272727272728, 0.045454545454545456, 0.03409090909090909, 0.022727272727272728, 0.056818181818181816, 0.022727272727272728, 0.10227272727272728, 0.022727272727272728, 0.03409090909090909, 0.07954545454545454, 0.03409090909090909, 0.03409090909090909, 0.011363636363636364, 0.022727272727272728, 0.03409090909090909, 0.03409090909090909, 0.03409090909090909, 0.07954545454545454, 0.022727272727272728, 0.03409090909090909, 0.045454545454545456, 0.011363636363636364]
['lucene_0.5_w', 0.14772727272727273, 0.11363636363636363, 0.09090909090909091, 0.14772727272727273, 0.1590909090909091, 0.10227272727272728, 0.13636363636363635, 0.18181818181818182, 0.18181818181818182, 0.06818181818181818, 0.09090909090909091, 0.045454545454545456, 0.06818181818181818, 0.06818181818181818, 0.13636363636363635, 0.13636363636363635, 0.17045454545454544, 0.11363636363636363, 0.11363636363636363, 0.06818181818181818, 0.13636363636363635, 0.056818181818181816, 0.13636363636363635, 0.23863636363636365]
['lucene_0.75_w', 0.14772727272727273, 0.20454545454545456, 0.23863636363636365, 0.375, 0.32954545454545453, 0.2159090909090909, 0.23863636363636365, 0.3522727272727273, 0.17045454545454544, 0.4090909090909091, 0.20454545454545456, 0.13636363636363635, 0.22727272727272727, 0.3181818181818182, 0.3977272727272727, 0.1590909090909091, 0.1590909090909091, 0.06818181818181818, 0.2727272727272727, 0.2159090909090909, 0.20454545454545456, 0.26136363636363635, 0.125, 0.29545454545454547]
['lucene_0.25_w_iP(50%)', 0.06818181818181818, 0.06818181818181818, 0.10227272727272728, 0.06818181818181818, 0.09090909090909091, 0.07954545454545454, 0.09090909090909091, 0.03409090909090909, 0.06818181818181818, 0.06818181818181818, 0.056818181818181816, 0.07954545454545454, 0.09090909090909091, 0.10227272727272728, 0.11363636363636363, 0.07954545454545454, 0.125, 0.09090909090909091, 0.10227272727272728, 0.10227272727272728, 0.09090909090909091, 0.10227272727272728, 0.07954545454545454, 0.125]
['lucene_0.5_w_iP(50%)', 0.20454545454545456, 0.2159090909090909, 0.2840909090909091, 0.09090909090909091, 0.2159090909090909, 0.11363636363636363, 0.23863636363636365, 0.14772727272727273, 0.19318181818181818, 0.18181818181818182, 0.25, 0.17045454545454544, 0.13636363636363635, 0.14772727272727273, 0.1590909090909091, 0.25, 0.17045454545454544, 0.1590909090909091, 0.23863636363636365, 0.2840909090909091, 0.2159090909090909, 0.17045454545454544, 0.25, 0.13636363636363635]
['lucene_0.75_w_iP(50%)', 0.125, 0.3522727272727273, 0.29545454545454547, 0.3409090909090909, 0.3181818181818182, 0.2159090909090909, 0.25, 0.14772727272727273, 0.2840909090909091, 0.3977272727272727, 0.5227272727272727, 0.2727272727272727, 0.4659090909090909, 0.2727272727272727, 0.3522727272727273, 0.26136363636363635, 0.14772727272727273, 0.18181818181818182, 0.23863636363636365, 0.29545454545454547, 0.11363636363636363, 0.2840909090909091, 0.36363636363636365, 0.10227272727272728]
