['lucene_Base', 0.5106382978723404, 0.46, 0.45794392523364486, 0.42696629213483145, 0.43, 0.358695652173913, 0.449438202247191, 0.40425531914893614, 0.36904761904761907, 0.40425531914893614, 0.43209876543209874, 0.4270833333333333]
['lucene_0.25', 0.30337078651685395, 0.3977272727272727, 0.3979591836734694, 0.336734693877551, 0.375, 0.2717391304347826, 0.3258426966292135, 0.3225806451612903, 0.4158415841584158, 0.26666666666666666, 0.43956043956043955, 0.47619047619047616]
['lucene_0.5', 0.29411764705882354, 0.37362637362637363, 0.4318181818181818, 0.28735632183908044, 0.4387755102040816, 0.5204081632653061, 0.4888888888888889, 0.40816326530612246, 0.32653061224489793, 0.375, 0.45918367346938777, 0.2978723404255319]
['lucene_0.75', 0.3780487804878049, 0.3838383838383838, 0.3490566037735849, 0.3333333333333333, 0.47368421052631576, 0.3902439024390244, 0.2826086956521739, 0.38095238095238093, 0.5306122448979592, 0.3488372093023256, 0.36363636363636365, 0.3076923076923077]
['lucene_0.25_w', 0.3673469387755102, 0.46875, 0.3402061855670103, 0.3269230769230769, 0.25, 0.36904761904761907, 0.4954128440366973, 0.42168674698795183, 0.3404255319148936, 0.4095238095238095, 0.3448275862068966, 0.367816091954023]
['lucene_0.5_w', 0.36046511627906974, 0.494949494949495, 0.2826086956521739, 0.44, 0.3229166666666667, 0.3645833333333333, 0.30952380952380953, 0.5252525252525253, 0.3829787234042553, 0.24242424242424243, 0.3655913978494624, 0.34375]
['lucene_0.75_w', 0.4065934065934066, 0.3979591836734694, 0.40816326530612246, 0.32098765432098764, 0.30303030303030304, 0.3125, 0.3829787234042553, 0.36046511627906974, 0.3763440860215054, 0.47058823529411764, 0.4880952380952381, 0.3473684210526316]
['lucene_0.25_w_iP(25%)', 0.4392523364485981, 0.375, 0.43333333333333335, 0.5268817204301075, 0.47115384615384615, 0.3855421686746988, 0.40476190476190477, 0.45263157894736844, 0.4731182795698925, 0.49473684210526314, 0.4945054945054945, 0.36666666666666664]
['lucene_0.25_w_iP(50%)', 0.38271604938271603, 0.46511627906976744, 0.45454545454545453, 0.42696629213483145, 0.5544554455445545, 0.36633663366336633, 0.5196078431372549, 0.52, 0.45054945054945056, 0.3780487804878049, 0.5, 0.32926829268292684]
['lucene_0.25_w_iP(75%)', 0.42696629213483145, 0.3707865168539326, 0.4444444444444444, 0.3786407766990291, 0.3763440860215054, 0.4528301886792453, 0.5145631067961165, 0.38202247191011235, 0.34444444444444444, 0.38372093023255816, 0.4583333333333333, 0.3372093023255814]
['lucene_0.5_w_iP(25%)', 0.5480769230769231, 0.5, 0.4945054945054945, 0.47, 0.5445544554455446, 0.45454545454545453, 0.4845360824742268, 0.49473684210526314, 0.4742268041237113, 0.3764705882352941, 0.5108695652173914, 0.5096153846153846]
['lucene_0.5_w_iP(50%)', 0.5517241379310345, 0.4329896907216495, 0.4883720930232558, 0.5222222222222223, 0.5, 0.5360824742268041, 0.45555555555555555, 0.4074074074074074, 0.4, 0.5168539325842697, 0.49504950495049505, 0.44329896907216493]
['lucene_0.5_w_iP(75%)', 0.4782608695652174, 0.45918367346938777, 0.37373737373737376, 0.2839506172839506, 0.36470588235294116, 0.45454545454545453, 0.4891304347826087, 0.3763440860215054, 0.4666666666666667, 0.37362637362637363, 0.5463917525773195, 0.44]
['lucene_0.75_w_iP(25%)', 0.4111111111111111, 0.5247524752475248, 0.42696629213483145, 0.46, 0.5092592592592593, 0.36585365853658536, 0.5607476635514018, 0.5851063829787234, 0.4883720930232558, 0.6237623762376238, 0.44329896907216493, 0.45161290322580644]
['lucene_0.75_w_iP(50%)', 0.5232558139534884, 0.47674418604651164, 0.5638297872340425, 0.6226415094339622, 0.47115384615384615, 0.5520833333333334, 0.4583333333333333, 0.5346534653465347, 0.4895833333333333, 0.4725274725274725, 0.5274725274725275, 0.44680851063829785]
['lucene_0.75_w_iP(75%)', 0.45714285714285713, 0.5934065934065934, 0.47368421052631576, 0.5643564356435643, 0.5591397849462365, 0.4157303370786517, 0.4105263157894737, 0.42391304347826086, 0.5483870967741935, 0.5, 0.5576923076923077, 0.5578947368421052]
['lucene_0.25_iP(25%)', 0.45263157894736844, 0.5288461538461539, 0.46875, 0.4838709677419355, 0.4574468085106383, 0.4411764705882353, 0.46153846153846156, 0.4235294117647059, 0.48314606741573035, 0.5, 0.4146341463414634, 0.4148936170212766]
['lucene_0.25_iP(50%)', 0.4146341463414634, 0.45652173913043476, 0.4536082474226804, 0.5, 0.36046511627906974, 0.5652173913043478, 0.46, 0.48148148148148145, 0.4946236559139785, 0.40816326530612246, 0.4329896907216495, 0.5157894736842106]
['lucene_0.25_iP(75%)', 0.4065934065934066, 0.47115384615384615, 0.46464646464646464, 0.4351851851851852, 0.48, 0.3655913978494624, 0.3103448275862069, 0.42045454545454547, 0.3904761904761905, 0.3584905660377358, 0.38636363636363635, 0.3617021276595745]
['lucene_0.5_iP(25%)', 0.4, 0.4367816091954023, 0.4772727272727273, 0.45161290322580644, 0.49, 0.49056603773584906, 0.3764705882352941, 0.5, 0.5242718446601942, 0.5, 0.5, 0.5]
['lucene_0.5_iP(50%)', 0.46987951807228917, 0.32608695652173914, 0.4574468085106383, 0.4631578947368421, 0.40860215053763443, 0.5263157894736842, 0.5172413793103449, 0.44047619047619047, 0.4157303370786517, 0.5212765957446809, 0.4583333333333333, 0.53125]
['lucene_0.5_iP(75%)', 0.4392523364485981, 0.4875, 0.4479166666666667, 0.37349397590361444, 0.4945054945054945, 0.47058823529411764, 0.37777777777777777, 0.43617021276595747, 0.425531914893617, 0.36585365853658536, 0.4090909090909091, 0.32608695652173914]
['lucene_0.75_iP(25%)', 0.5434782608695652, 0.42857142857142855, 0.47959183673469385, 0.5306122448979592, 0.5833333333333334, 0.45454545454545453, 0.4634146341463415, 0.6190476190476191, 0.5104166666666666, 0.5108695652173914, 0.40229885057471265, 0.5227272727272727]
['lucene_0.75_iP(50%)', 0.4659090909090909, 0.5, 0.4752475247524752, 0.5555555555555556, 0.49523809523809526, 0.5274725274725275, 0.5048543689320388, 0.4945054945054945, 0.5238095238095238, 0.5137614678899083, 0.4157303370786517, 0.5196078431372549]
['lucene_0.75_iP(75%)', 0.5111111111111111, 0.5652173913043478, 0.3333333333333333, 0.44680851063829785, 0.4235294117647059, 0.5520833333333334, 0.49504950495049505, 0.4148936170212766, 0.46846846846846846, 0.43564356435643564, 0.4953271028037383, 0.5]
