['lucene_Base', -0.07874015748031496, -0.09523809523809523, -0.0423728813559322, -0.1015625, -0.112, -0.05785123966942149, -0.058333333333333334, -0.07563025210084033, -0.06349206349206349, -0.07407407407407407, -0.07874015748031496, -0.064, -0.14615384615384616, -0.07317073170731707, -0.06666666666666667, -0.08403361344537816, -0.10852713178294573, -0.07633587786259542, -0.056, -0.06666666666666667, -0.06349206349206349, -0.06451612903225806, -0.056, -0.08130081300813008] , 114.5
['lucene_0.25', -0.11864406779661017, -0.20833333333333334, -0.13934426229508196, -0.023076923076923078, -0.19696969696969696, -0.09848484848484848, -0.184, -0.06086956521739131, -0.008064516129032258, -0.07317073170731707, -0.26119402985074625, -0.1391304347826087, -0.2231404958677686, -0.017094017094017096, -0.11851851851851852, -0.03968253968253968, -0.1452991452991453, -0.03333333333333333, -0.049586776859504134, -0.1937984496124031, -0.056451612903225805, -0.07086614173228346, -0.08547008547008547, -0.104] , 113.0
['lucene_0.5', -0.05982905982905983, -0.12121212121212122, -0.051094890510948905, -0.0948905109489051, -0.008264462809917356, -0.096, -0.11627906976744186, -0.06779661016949153, -0.14705882352941177, -0.025210084033613446, -0.06666666666666667, -0.042735042735042736, -0.05737704918032787, -0.08870967741935484, -0.015748031496062992, -0.20588235294117646, -0.10569105691056911, -0.03007518796992481, -0.02962962962962963, -0.1044776119402985, -0.058823529411764705, -0.078125, -0.20967741935483872, -0.21311475409836064] , 115.5
['lucene_0.75', -0.05511811023622047, -0.1271186440677966, -0.0847457627118644, -0.008, -0.078125, -0.0660377358490566, -0.06666666666666667, -0.05555555555555555, -0.1, -0.1440677966101695, -0.30578512396694213, -0.08943089430894309, -0.18548387096774194, -0.08849557522123894, -0.016260162601626018, -0.08208955223880597, -0.24806201550387597, -0.0967741935483871, -0.041666666666666664, -0.2644628099173554, -0.11864406779661017, -0.043795620437956206, -0.09243697478991597, -0.1885245901639344] , 108.0
['lucene_0.25_w', -0.14285714285714285, -0.06666666666666667, -0.05426356589147287, -0.01680672268907563, -0.04895104895104895, -0.10144927536231885, -0.051094890510948905, -0.0546875, -0.064, -0.1271186440677966, -0.11278195488721804, -0.02857142857142857, -0.022222222222222223, -0.0603448275862069, -0.15172413793103448, -0.0625, -0.07377049180327869, -0.0945945945945946, -0.14285714285714285, -0.06766917293233082, -0.075, -0.04065040650406504, -0.0625, -0.05925925925925926] , 120.5
['lucene_0.5_w', -0.0, -0.07258064516129033, -0.21875, -0.140625, -0.05785123966942149, -0.01680672268907563, -0.09774436090225563, -0.08661417322834646, -0.17692307692307693, -0.008064516129032258, -0.06611570247933884, -0.08396946564885496, -0.09523809523809523, -0.06870229007633588, -0.01680672268907563, -0.15441176470588236, -0.06818181818181818, -0.0234375, -0.05384615384615385, -0.0763888888888889, -0.04504504504504504, -0.1322314049586777, -0.09448818897637795, -0.1] , 116.5
['lucene_0.75_w', -0.03305785123966942, -0.07563025210084033, -0.32231404958677684, -0.23255813953488372, -0.13709677419354838, -0.08547008547008547, -0.016260162601626018, -0.01652892561983471, -0.047619047619047616, -0.058333333333333334, -0.1282051282051282, -0.088, -0.024, -0.1532258064516129, -0.040983606557377046, -0.04918032786885246, -0.2, -0.024193548387096774, -0.1322314049586777, -0.14285714285714285, -0.15384615384615385, -0.15966386554621848, -0.03389830508474576, -0.25396825396825395] , 110.0
['lucene_0.25_w_iP(25%)', -0.032520325203252036, -0.04878048780487805, -0.12030075187969924, -0.04838709677419355, -0.06201550387596899, -0.11940298507462686, -0.031496062992125984, -0.07563025210084033, -0.01652892561983471, -0.058823529411764705, -0.08943089430894309, -0.06557377049180328, -0.038461538461538464, -0.025210084033613446, -0.11023622047244094, -0.023622047244094488, -0.04878048780487805, -0.11764705882352941, -0.06722689075630252, -0.04918032786885246, -0.10714285714285714, -0.104, -0.049586776859504134, -0.041666666666666664] , 117.0
['lucene_0.25_w_iP(50%)', -0.11920529801324503, -0.03076923076923077, -0.12413793103448276, -0.11971830985915492, -0.1111111111111111, -0.06060606060606061, -0.042735042735042736, -0.03875968992248062, -0.09090909090909091, -0.06557377049180328, -0.0703125, -0.056451612903225805, -0.0546875, -0.06299212598425197, -0.03278688524590164, -0.014925373134328358, -0.08870967741935484, -0.09022556390977443, -0.04964539007092199, -0.0390625, -0.01694915254237288, -0.10294117647058823, -0.06870229007633588, -0.06493506493506493] , 121.5
['lucene_0.5_w_iP(25%)', -0.07352941176470588, -0.05, -0.016129032258064516, -0.13178294573643412, -0.21739130434782608, -0.02564102564102564, -0.0873015873015873, -0.08208955223880597, -0.13076923076923078, -0.09090909090909091, -0.008695652173913044, -0.04, -0.16911764705882354, -0.1015625, -0.06153846153846154, -0.10483870967741936, -0.015503875968992248, -0.1958041958041958, -0.144, -0.045454545454545456, -0.06944444444444445, -0.09558823529411764, -0.07258064516129033, -0.10144927536231885] , 115.0
['lucene_0.5_w_iP(50%)', -0.15151515151515152, -0.1015625, -0.08088235294117647, -0.050359712230215826, -0.017094017094017096, -0.15328467153284672, -0.02459016393442623, -0.226890756302521, -0.14285714285714285, -0.09322033898305085, -0.14482758620689656, -0.025423728813559324, -0.064, -0.013986013986013986, -0.09016393442622951, -0.0, -0.007751937984496124, -0.1044776119402985, -0.1297709923664122, -0.03968253968253968, -0.09558823529411764, -0.024793388429752067, -0.15942028985507245, -0.031496062992125984] , 117.5
['lucene_0.75_w_iP(25%)', -0.056, -0.02962962962962963, -0.2536231884057971, -0.1732283464566929, -0.022727272727272728, -0.08, -0.19696969696969696, -0.18032786885245902, -0.023809523809523808, -0.12903225806451613, -0.2054794520547945, -0.09375, -0.029411764705882353, -0.12698412698412698, -0.15748031496062992, -0.046511627906976744, -0.125, -0.16153846153846155, -0.10852713178294573, -0.05504587155963303, -0.1044776119402985, -0.01652892561983471, -0.10743801652892562, -0.07575757575757576] , 115.0
['lucene_0.75_w_iP(50%)', -0.25203252032520324, -0.12605042016806722, -0.1693548387096774, -0.05925925925925926, -0.30708661417322836, -0.12213740458015267, -0.02631578947368421, -0.02654867256637168, -0.10434782608695652, -0.15714285714285714, -0.06349206349206349, -0.015873015873015872, -0.0546875, -0.21153846153846154, -0.06766917293233082, -0.09859154929577464, -0.037037037037037035, -0.022900763358778626, -0.21374045801526717, -0.1893939393939394, -0.12605042016806722, -0.17054263565891473, -0.37857142857142856, -0.013793103448275862] , 113.0
