['pbeans_Base', 0.0, 0.0, 1.0, 0.0, 0.0, 0.8, 0.8, 0.0, 0.0, 0.0, 0.75, 0.6, 0.75, 0.375, 0.6666666666666666, 0.6, 0.6, 0.0, 0.8, 0.8, 0.8, 0.0, 0.5, 1.0]
['pbeans_0.25', 0.0, 0.125, 0.6, 0.6, 0.2, 0.0, 0.75, 0.8, 0.8, 0.0, 0.8, 0.6666666666666666, 0.0, 0.5, 0.0, 1.0, 0.8, 0.2, 0.5, 1.0, 0.2, 1.0, 0.0, 0.6]
['pbeans_0.5', 0.75, 0.75, 0.6666666666666666, 0.4, 0.8, 0.8, 0.375, 0.5, 1.0, 0.9166666666666666, 0.5, 0.0, 1.0, 0.875, 0.0, 0.5, 0.8, 0.875, 0.9166666666666666, 0.5, 0.5, 1.0, 0.2, 0.9166666666666666]
['pbeans_0.75', 0.5, 1.0, 1.0, 0.8, 0.4, 0.6, 0.875, 0.8, 1.0, 0.6666666666666666, 0.6666666666666666, 1.0, 1.0, 1.0, 1.0, 1.0, 0.875, 0.8, 0.0, 0.9166666666666666, 0.5, 0.4, 0.0, 0.8]
['pbeans_0.25_w', 0.0, 0.0, 0.0, 0.3333333333333333, 0.6, 0.625, 0.0, 0.875, 0.25, 0.375, 0.3333333333333333, 0.8, 0.6, 1.0, 0.8333333333333334, 0.5, 0.0, 0.75, 0.8, 0.8, 1.0, 0.5, 0.6, 0.6666666666666666]
['pbeans_0.5_w', 1.0, 0.5, 1.0, 1.0, 0.2, 1.0, 0.3333333333333333, 0.0, 0.5, 0.5, 0.8, 0.8, 0.4, 0.5, 0.5, 1.0, 0.5, 0.6666666666666666, 0.75, 0.0, 0.5, 0.6, 1.0, 0.8]
['pbeans_0.75_w', 0.6, 1.0, 1.0, 0.8, 0.75, 0.5, 0.875, 0.8, 0.875, 1.0, 0.8, 1.0, 0.8, 0.5, 0.8, 0.4, 0.5, 0.8, 0.5, 0.875, 0.75, 0.8, 1.0, 1.0]
['pbeans_0.25_w_iP(50%)', 0.75, 0.5, 0.3333333333333333, 1.0, 0.0, 0.0, 0.0, 0.0, 0.0, 0.875, 0.2, 0.75, 0.8, 0.0, 0.8, 0.6, 0.6, 0.8333333333333334, 0.25, 0.6, 0.6, 0.8, 0.6666666666666666, 0.0]
['pbeans_0.5_w_iP(50%)', 0.8, 0.6, 1.0, 1.0, 1.0, 0.3333333333333333, 0.0, 0.6, 0.8, 0.9166666666666666, 0.6, 1.0, 0.6, 1.0, 0.6, 0.0, 0.8, 0.6, 0.9166666666666666, 0.0, 0.2, 0.0, 0.5, 0.8]
['pbeans_0.75_w_iP(50%)', 0.5, 0.5, 1.0, 0.75, 0.5, 0.8, 0.0, 0.3333333333333333, 0.0, 0.8, 0.0, 0.875, 1.0, 0.8, 0.2, 0.6, 0.6666666666666666, 0.0, 1.0, 1.0, 0.6666666666666666, 0.9166666666666666, 0.8, 0.8]
