['poi_Base', 0.4444444444444444, 0.5757575757575758, 0.3958333333333333, 0.4642857142857143, 0.2558139534883721, 0.5316455696202531, 0.16666666666666666, 0.21323529411764705, 0.4768211920529801, 0.4431137724550898, 0.14736842105263157, 0.42038216560509556]
['poi_0.25', 0.11827956989247312, 0.4765625, 0.40310077519379844, 0.16891891891891891, 0.22131147540983606, 0.15789473684210525, 0.41578947368421054, 0.35714285714285715, 0.43, 0.46236559139784944, 0.26063829787234044, 0.4723926380368098]
['poi_0.5', 0.4835164835164835, 0.38461538461538464, 0.1827956989247312, 0.5073529411764706, 0.21621621621621623, 0.27906976744186046, 0.4788732394366197, 0.5328467153284672, 0.3269230769230769, 0.5474452554744526, 0.4691358024691358, 0.31746031746031744]
['poi_0.75', 0.17073170731707318, 0.20710059171597633, 0.24390243902439024, 0.1559633027522936, 0.6162790697674418, 0.6341463414634146, 0.14659685863874344, 0.39285714285714285, 0.2824427480916031, 0.36879432624113473, 0.6230769230769231, 0.20512820512820512]
['poi_0.25_w', 0.3269230769230769, 0.17355371900826447, 0.3333333333333333, 0.24806201550387597, 0.19444444444444445, 0.5602409638554217, 0.28846153846153844, 0.22404371584699453, 0.4931506849315068, 0.26900584795321636, 0.48598130841121495, 0.474025974025974]
['poi_0.5_w', 0.3382352941176471, 0.32575757575757575, 0.3417085427135678, 0.3111111111111111, 0.20408163265306123, 0.4444444444444444, 0.611764705882353, 0.6597938144329897, 0.14074074074074075, 0.3870967741935484, 0.16216216216216217, 0.34911242603550297]
['poi_0.75_w', 0.39759036144578314, 0.36046511627906974, 0.6276595744680851, 0.5, 0.125, 0.44, 0.4069767441860465, 0.7375, 0.7012987012987013, 0.23076923076923078, 0.5714285714285714, 0.18932038834951456]
['poi_0.25_w_iP(25%)', 0.3828125, 0.4939759036144578, 0.2716049382716049, 0.26119402985074625, 0.08208955223880597, 0.3904761904761905, 0.09340659340659341, 0.2222222222222222, 0.3644067796610169, 0.3116883116883117, 0.16326530612244897, 0.32222222222222224]
['poi_0.25_w_iP(50%)', 0.3855421686746988, 0.29936305732484075, 0.44171779141104295, 0.5445544554455446, 0.35428571428571426, 0.31547619047619047, 0.6060606060606061, 0.2323943661971831, 0.3484848484848485, 0.5384615384615384, 0.47794117647058826, 0.2696629213483146]
['poi_0.25_w_iP(75%)', 0.3888888888888889, 0.4340659340659341, 0.2538860103626943, 0.4563106796116505, 0.5214285714285715, 0.35978835978835977, 0.44680851063829785, 0.4808743169398907, 0.2857142857142857, 0.7241379310344828, 0.44525547445255476, 0.16129032258064516]
['poi_0.5_w_iP(25%)', 0.359375, 0.3986013986013986, 0.3894736842105263, 0.4012345679012346, 0.49333333333333335, 0.5114503816793893, 0.47282608695652173, 0.5671641791044776, 0.4148936170212766, 0.2916666666666667, 0.6422018348623854, 0.42196531791907516]
['poi_0.5_w_iP(50%)', 0.2, 0.43103448275862066, 0.45, 0.2, 0.24603174603174602, 0.19205298013245034, 0.5308641975308642, 0.5827814569536424, 0.6101694915254238, 0.23417721518987342, 0.5806451612903226, 0.41954022988505746]
['poi_0.5_w_iP(75%)', 0.3559322033898305, 0.35, 0.3564356435643564, 0.3149171270718232, 0.29838709677419356, 0.312, 0.29347826086956524, 0.24539877300613497, 0.7047619047619048, 0.37037037037037035, 0.5093167701863354, 0.5212765957446809]
['poi_0.75_w_iP(25%)', 0.46153846153846156, 0.42138364779874216, 0.26627218934911245, 0.4787234042553192, 0.6578947368421053, 0.4550561797752809, 0.5806451612903226, 0.582010582010582, 0.5128205128205128, 0.17032967032967034, 0.2468354430379747, 0.05737704918032787]
['poi_0.75_w_iP(50%)', 0.46113989637305697, 0.6565656565656566, 0.5454545454545454, 0.5476190476190477, 0.4326923076923077, 0.33, 0.34, 0.3620689655172414, 0.4015748031496063, 0.32894736842105265, 0.7791411042944786, 0.5241935483870968]
['poi_0.75_w_iP(75%)', 0.3712121212121212, 0.8780487804878049, 0.7191011235955056, 0.2833333333333333, 0.4968553459119497, 0.3235294117647059, 0.16981132075471697, 0.6601941747572816, 0.4520547945205479, 0.27049180327868855, 0.47368421052631576, 0.358974358974359]
['poi_0.25_iP(25%)', 0.7526881720430108, 0.3956043956043956, 0.4418604651162791, 0.5428571428571428, 0.15760869565217392, 0.11904761904761904, 0.5652173913043478, 0.23270440251572327, 0.5448275862068965, 0.2887700534759358, 0.625, 0.6984126984126984]
['poi_0.25_iP(50%)', 0.39805825242718446, 0.26666666666666666, 0.18620689655172415, 0.3181818181818182, 0.1134020618556701, 0.2777777777777778, 0.5324675324675324, 0.3051948051948052, 0.7474747474747475, 0.3425414364640884, 0.3157894736842105, 0.4666666666666667]
['poi_0.25_iP(75%)', 0.37012987012987014, 0.26136363636363635, 0.3020833333333333, 0.35789473684210527, 0.5698924731182796, 0.3111111111111111, 0.4174757281553398, 0.33974358974358976, 0.3987341772151899, 0.5079365079365079, 0.29878048780487804, 0.37967914438502676]
['poi_0.5_iP(25%)', 0.14444444444444443, 0.30434782608695654, 0.373134328358209, 0.1949685534591195, 0.2608695652173913, 0.5248618784530387, 0.3644067796610169, 0.5448717948717948, 0.4394904458598726, 0.45, 0.44696969696969696, 0.3090909090909091]
['poi_0.5_iP(50%)', 0.6129032258064516, 0.4461538461538462, 0.3118279569892473, 0.30612244897959184, 0.24, 0.2777777777777778, 0.21978021978021978, 0.18, 0.3492063492063492, 0.21739130434782608, 0.21935483870967742, 0.19858156028368795]
['poi_0.5_iP(75%)', 0.16477272727272727, 0.14393939393939395, 0.4485294117647059, 0.3140495867768595, 0.4666666666666667, 0.23121387283236994, 0.27049180327868855, 0.5172413793103449, 0.15, 0.23015873015873015, 0.5555555555555556, 0.2585034013605442]
['poi_0.75_iP(25%)', 0.24603174603174602, 0.36551724137931035, 0.39106145251396646, 0.5294117647058824, 0.14556962025316456, 0.1696969696969697, 0.3225806451612903, 0.38620689655172413, 0.4423076923076923, 0.4424778761061947, 0.5333333333333333, 0.3018867924528302]
['poi_0.75_iP(50%)', 0.5824175824175825, 0.12921348314606743, 0.4105960264900662, 0.27807486631016043, 0.524822695035461, 0.42162162162162165, 0.26618705035971224, 0.3409090909090909, 0.34375, 0.639344262295082, 0.41605839416058393, 0.2]
['poi_0.75_iP(75%)', 0.7789473684210526, 0.644927536231884, 0.5392156862745098, 0.21019108280254778, 0.2222222222222222, 0.46875, 0.2868217054263566, 0.17159763313609466, 0.678391959798995, 0.5684931506849316, 0.10948905109489052, 0.10576923076923077]
