['poi_Base', 0.4438202247191011, 0.6, 0.5886524822695035, 0.494949494949495, 0.358974358974359, 0.3006535947712418, 0.3836477987421384, 0.40476190476190477, 0.23125, 0.4036697247706422, 0.4563106796116505, 0.3275862068965517, 0.49324324324324326, 0.1270718232044199, 0.6568627450980392, 0.5751295336787565, 0.5941176470588235, 0.6041666666666666, 0.3983050847457627, 0.20125786163522014, 0.2, 0.21965317919075145, 0.5425531914893617, 0.47540983606557374]
['poi_0.25', 0.6530612244897959, 0.46564885496183206, 0.15286624203821655, 0.2755102040816326, 0.22580645161290322, 0.12578616352201258, 0.24271844660194175, 0.10526315789473684, 0.15976331360946747, 0.18867924528301888, 0.35964912280701755, 0.16964285714285715, 0.639344262295082, 0.4166666666666667, 0.3795180722891566, 0.4083333333333333, 0.5347222222222222, 0.2714285714285714, 0.5497076023391813, 0.5333333333333333, 0.2558139534883721, 0.4879518072289157, 0.37254901960784315, 0.09090909090909091]
['poi_0.5', 0.5294117647058824, 0.5158730158730159, 0.16666666666666666, 0.2080536912751678, 0.08148148148148149, 0.35172413793103446, 0.4673913043478261, 0.06701030927835051, 0.29591836734693877, 0.45384615384615384, 0.4883720930232558, 0.6020408163265306, 0.12365591397849462, 0.5053763440860215, 0.5581395348837209, 0.10674157303370786, 0.15151515151515152, 0.6046511627906976, 0.11764705882352941, 0.08045977011494253, 0.3333333333333333, 0.04568527918781726, 0.2962962962962963, 0.2897196261682243]
['poi_0.75', 0.7083333333333334, 0.4918032786885246, 0.550561797752809, 0.2710843373493976, 0.24581005586592178, 0.5567010309278351, 0.3485714285714286, 0.4307692307692308, 0.5126582278481012, 0.39361702127659576, 0.7023809523809523, 0.5574712643678161, 0.11570247933884298, 0.6363636363636364, 0.08641975308641975, 0.12105263157894737, 0.3163265306122449, 0.7184466019417476, 0.3149171270718232, 0.20359281437125748, 0.3111111111111111, 0.11392405063291139, 0.44680851063829785, 0.2023121387283237]
['poi_0.25_w', 0.3469387755102041, 0.28994082840236685, 0.39361702127659576, 0.4262295081967213, 0.08333333333333333, 0.30113636363636365, 0.4339622641509434, 0.4857142857142857, 0.46808510638297873, 0.13812154696132597, 0.3950617283950617, 0.2748091603053435, 0.4330708661417323, 0.5769230769230769, 0.35074626865671643, 0.03867403314917127, 0.5454545454545454, 0.08609271523178808, 0.31016042780748665, 0.2, 0.3564356435643564, 0.1, 0.3673469387755102, 0.4731182795698925]
['poi_0.5_w', 0.2916666666666667, 0.4105263157894737, 0.09340659340659341, 0.07222222222222222, 0.26136363636363635, 0.5217391304347826, 0.32608695652173914, 0.42857142857142855, 0.42391304347826086, 0.11875, 0.5448717948717948, 0.3333333333333333, 0.31496062992125984, 0.25742574257425743, 0.2, 0.4830508474576271, 0.2635135135135135, 0.3305785123966942, 0.3674698795180723, 0.06091370558375635, 0.37142857142857144, 0.43790849673202614, 0.375, 0.3880597014925373]
['poi_0.75_w', 0.5286624203821656, 0.1111111111111111, 0.422680412371134, 0.5967741935483871, 0.6083333333333333, 0.4691358024691358, 0.22043010752688172, 0.22727272727272727, 0.14358974358974358, 0.0967741935483871, 0.5391304347826087, 0.4, 0.40425531914893614, 0.33783783783783783, 0.4583333333333333, 0.12, 0.23741007194244604, 0.46078431372549017, 0.675, 0.5, 0.3958333333333333, 0.08125, 0.5585585585585585, 0.03208556149732621]
['poi_0.25_w_iP(50%)', 0.5849056603773585, 0.6052631578947368, 0.3624161073825503, 0.2653061224489796, 0.13609467455621302, 0.4117647058823529, 0.43661971830985913, 0.3184713375796178, 0.4965034965034965, 0.4158415841584158, 0.14432989690721648, 0.29375, 0.18090452261306533, 0.3173076923076923, 0.41935483870967744, 0.5151515151515151, 0.6, 0.2074468085106383, 0.6075268817204301, 0.4057971014492754, 0.6875, 0.36423841059602646, 0.3402061855670103, 0.25190839694656486]
['poi_0.5_w_iP(50%)', 0.21019108280254778, 0.40476190476190477, 0.3150684931506849, 0.580952380952381, 0.33076923076923076, 0.5470085470085471, 0.49101796407185627, 0.21105527638190955, 0.3153153153153153, 0.4672897196261682, 0.49557522123893805, 0.45864661654135336, 0.64, 0.3805970149253731, 0.5133333333333333, 0.4537037037037037, 0.5157894736842106, 0.3333333333333333, 0.4772727272727273, 0.41358024691358025, 0.4485981308411215, 0.21311475409836064, 0.539568345323741, 0.3064516129032258]
['poi_0.75_w_iP(50%)', 0.3409090909090909, 0.5232558139534884, 0.26582278481012656, 0.7380952380952381, 0.47058823529411764, 0.49264705882352944, 0.40106951871657753, 0.5642857142857143, 0.46875, 0.6057692307692307, 0.030456852791878174, 0.3384615384615385, 0.4090909090909091, 0.36428571428571427, 0.4049079754601227, 0.6545454545454545, 0.525, 0.26277372262773724, 0.6129032258064516, 0.5849056603773585, 0.546448087431694, 0.11627906976744186, 0.26174496644295303, 0.5081967213114754]
