['poi_Base', -0.03389830508474576, -0.06711409395973154, -0.25882352941176473, -0.03968253968253968, -0.11403508771929824, -0.15517241379310345, -0.19886363636363635, -0.07017543859649122, -0.06134969325153374, -0.09230769230769231, -0.0963855421686747, -0.07643312101910828, -0.19886363636363635, -0.07428571428571429, -0.1270718232044199, -0.1724137931034483, -0.14689265536723164, -0.17857142857142858, -0.10734463276836158, -0.10687022900763359, -0.08860759493670886, -0.10365853658536585, -0.006060606060606061, -0.0650887573964497] , 142.5
['poi_0.25', -0.2945205479452055, -0.06962025316455696, -0.07738095238095238, -0.1464968152866242, -0.1693121693121693, -0.08333333333333333, -0.04093567251461988, -0.07006369426751592, -0.023622047244094488, -0.11818181818181818, -0.039473684210526314, -0.006666666666666667, -0.024390243902439025, -0.02040816326530612, -0.03731343283582089, -0.025157232704402517, -0.0, -0.10404624277456648, -0.14893617021276595, -0.06622516556291391, -0.019736842105263157, -0.04081632653061224, -0.09734513274336283, -0.01875] , 146.0
['poi_0.5', -0.06875, -0.044444444444444446, -0.0, -0.417910447761194, -0.054878048780487805, -0.029197080291970802, -0.06666666666666667, -0.14084507042253522, -0.020833333333333332, -0.13709677419354838, -0.22666666666666666, -0.22758620689655173, -0.1523809523809524, -0.025477707006369428, -0.16666666666666666, -0.09090909090909091, -0.19883040935672514, -0.03968253968253968, -0.03875968992248062, -0.13114754098360656, -0.03428571428571429, -0.20408163265306123, -0.20994475138121546, -0.1509433962264151] , 134.0
['poi_0.75', -0.02097902097902098, -0.06790123456790123, -0.34306569343065696, -0.0763888888888889, -0.13157894736842105, -0.06369426751592357, -0.04895104895104895, -0.272, -0.3167701863354037, -0.11258278145695365, -0.3815789473684211, -0.02054794520547945, -0.16521739130434782, -0.125, -0.022556390977443608, -0.044444444444444446, -0.0, -0.05673758865248227, -0.33088235294117646, -0.047872340425531915, -0.02112676056338028, -0.3, -0.030303030303030304, -0.047619047619047616] , 132.5
['poi_0.25_w', -0.09554140127388536, -0.1206896551724138, -0.007042253521126761, -0.1348314606741573, -0.08904109589041095, -0.06164383561643835, -0.03361344537815126, -0.046357615894039736, -0.0547945205479452, -0.007194244604316547, -0.028735632183908046, -0.015748031496062992, -0.04516129032258064, -0.12903225806451613, -0.11242603550295859, -0.1, -0.006134969325153374, -0.15384615384615385, -0.09523809523809523, -0.012195121951219513, -0.11409395973154363, -0.2542372881355932, -0.24603174603174602, -0.12] , 138.0
['poi_0.5_w', -0.02912621359223301, -0.24277456647398843, -0.11382113821138211, -0.09243697478991597, -0.0, -0.016042780748663103, -0.029585798816568046, -0.07692307692307693, -0.04895104895104895, -0.09740259740259741, -0.0070921985815602835, -0.1, -0.060240963855421686, -0.026737967914438502, -0.05357142857142857, -0.11320754716981132, -0.058333333333333334, -0.30405405405405406, -0.18354430379746836, -0.01935483870967742, -0.17177914110429449, -0.014705882352941176, -0.09933774834437085, -0.13580246913580246] , 135.5
['poi_0.75_w', -0.037037037037037035, -0.2987012987012987, -0.5454545454545454, -0.08383233532934131, -0.06629834254143646, -0.087248322147651, -0.2366412213740458, -0.2484076433121019, -0.2692307692307692, -0.2937062937062937, -0.05982905982905983, -0.07692307692307693, -0.10884353741496598, -0.007352941176470588, -0.1348314606741573, -0.12080536912751678, -0.12413793103448276, -0.2261904761904762, -0.1728395061728395, -0.23717948717948717, -0.07246376811594203, -0.174496644295302, -0.18452380952380953, -0.008547008547008548] , 129.0
['poi_0.25_w_iP(25%)', -0.14935064935064934, -0.15789473684210525, -0.30357142857142855, -0.08633093525179857, -0.1610738255033557, -0.06666666666666667, -0.08187134502923976, -0.09615384615384616, -0.03496503496503497, -0.032467532467532464, -0.05442176870748299, -0.056179775280898875, -0.040268456375838924, -0.07194244604316546, -0.07947019867549669, -0.06097560975609756, -0.11931818181818182, -0.023255813953488372, -0.09554140127388536, -0.07738095238095238, -0.06989247311827956, -0.0896551724137931, -0.07096774193548387, -0.06766917293233082] , 139.0
['poi_0.25_w_iP(50%)', -0.08522727272727272, -0.046357615894039736, -0.049079754601226995, -0.05737704918032787, -0.006097560975609756, -0.07894736842105263, -0.12698412698412698, -0.013422818791946308, -0.043859649122807015, -0.022058823529411766, -0.013245033112582781, -0.020689655172413793, -0.047619047619047616, -0.03614457831325301, -0.06956521739130435, -0.04516129032258064, -0.029411764705882353, -0.011976047904191617, -0.043209876543209874, -0.0967741935483871, -0.015151515151515152, -0.00641025641025641, -0.03731343283582089, -0.0] , 145.5
['poi_0.5_w_iP(25%)', -0.11940298507462686, -0.08227848101265822, -0.032467532467532464, -0.005847953216374269, -0.11764705882352941, -0.06134969325153374, -0.14166666666666666, -0.03184713375796178, -0.06896551724137931, -0.14893617021276595, -0.07692307692307693, -0.03508771929824561, -0.0896551724137931, -0.07801418439716312, -0.05813953488372093, -0.3515151515151515, -0.03977272727272727, -0.018072289156626505, -0.16666666666666666, -0.07042253521126761, -0.14285714285714285, -0.0273972602739726, -0.08045977011494253, -0.11016949152542373] , 144.5
['poi_0.5_w_iP(50%)', -0.02824858757062147, -0.0196078431372549, -0.02962962962962963, -0.03125, -0.05063291139240506, -0.06716417910447761, -0.07446808510638298, -0.01639344262295082, -0.1032258064516129, -0.16521739130434782, -0.24096385542168675, -0.102803738317757, -0.12605042016806722, -0.03205128205128205, -0.05785123966942149, -0.07926829268292683, -0.08227848101265822, -0.0, -0.015267175572519083, -0.12408759124087591, -0.05714285714285714, -0.043478260869565216, -0.09444444444444444, -0.12195121951219512] , 135.5
['poi_0.75_w_iP(25%)', -0.10638297872340426, -0.048484848484848485, -0.1595744680851064, -0.12716763005780346, -0.0728476821192053, -0.05732484076433121, -0.12422360248447205, -0.09195402298850575, -0.09259259259259259, -0.10596026490066225, -0.014492753623188406, -0.05185185185185185, -0.08139534883720931, -0.04895104895104895, -0.026143790849673203, -0.029850746268656716, -0.1390728476821192, -0.10144927536231885, -0.013513513513513514, -0.04411764705882353, -0.1276595744680851, -0.019230769230769232, -0.1696969696969697, -0.08783783783783784] , 138.5
['poi_0.75_w_iP(50%)', -0.06766917293233082, -0.0, -0.08074534161490683, -0.033783783783783786, -0.4431137724550898, -0.007692307692307693, -0.03821656050955414, -0.15384615384615385, -0.12574850299401197, -0.016666666666666666, -0.03636363636363636, -0.027586206896551724, -0.022988505747126436, -0.35185185185185186, -0.05333333333333334, -0.025157232704402517, -0.25170068027210885, -0.03125, -0.09523809523809523, -0.11504424778761062, -0.26666666666666666, -0.032679738562091505, -0.051470588235294115, -0.12244897959183673] , 137.0
