['poi_Base', 0.11564625850340136, 0.11851851851851852, 0.11971830985915492, 0.05714285714285714, 0.07913669064748201, 0.058333333333333334, 0.15625, 0.09615384615384616, 0.06622516556291391, 0.08695652173913043, 0.04878048780487805, 0.07920792079207921, 0.05128205128205128, 0.19863013698630136, 0.07272727272727272, 0.09615384615384616, 0.07575757575757576, 0.17543859649122806, 0.048, 0.10909090909090909, 0.1, 0.09090909090909091, 0.13986013986013987, 0.044444444444444446]
['poi_0.25', 0.40594059405940597, 0.11403508771929824, 0.0859375, 0.4791666666666667, 0.460431654676259, 0.15454545454545454, 0.5568181818181818, 0.1456953642384106, 0.11851851851851852, 0.23636363636363636, 0.3389830508474576, 0.05454545454545454, 0.09933774834437085, 0.09558823529411764, 0.36363636363636365, 0.0896551724137931, 0.3944954128440367, 0.2733812949640288, 0.1111111111111111, 0.45384615384615384, 0.5342465753424658, 0.08333333333333333, 0.22764227642276422, 0.3191489361702128]
['poi_0.5', 0.6470588235294118, 0.5398230088495575, 0.072, 0.553030303030303, 0.26174496644295303, 0.2898550724637681, 0.6938775510204082, 0.5727272727272728, 0.2815533980582524, 0.5348837209302325, 0.728, 0.6341463414634146, 0.7655172413793103, 0.037383177570093455, 0.5398230088495575, 0.48299319727891155, 0.5974025974025974, 0.45774647887323944, 0.5, 0.19090909090909092, 0.48760330578512395, 0.3235294117647059, 0.5461538461538461, 0.368]
['poi_0.75', 0.26229508196721313, 0.7450980392156863, 0.5702479338842975, 0.4527027027027027, 0.35398230088495575, 0.9, 0.5298507462686567, 0.16233766233766234, 0.8771929824561403, 0.9065420560747663, 0.7314814814814815, 0.7666666666666667, 0.0625, 0.696551724137931, 0.01020408163265306, 0.24113475177304963, 0.65, 0.7943262411347518, 0.5486111111111112, 0.5, 0.43870967741935485, 0.20714285714285716, 0.3202614379084967, 0.2923076923076923]
['poi_0.25_w', 0.06862745098039216, 0.08, 0.06521739130434782, 0.2457627118644068, 0.2540983606557377, 0.5080645161290323, 0.2847222222222222, 0.08, 0.16666666666666666, 0.5555555555555556, 0.17475728155339806, 0.10236220472440945, 0.09722222222222222, 0.6129032258064516, 0.06299212598425197, 0.4230769230769231, 0.40425531914893614, 0.2631578947368421, 0.1592920353982301, 0.3474576271186441, 0.37168141592920356, 0.5775862068965517, 0.09090909090909091, 0.44285714285714284]
['poi_0.5_w', 0.09090909090909091, 0.1897810218978102, 0.532258064516129, 0.6956521739130435, 0.21818181818181817, 0.58125, 0.06666666666666667, 0.24183006535947713, 0.17687074829931973, 0.5972222222222222, 0.1450381679389313, 0.49193548387096775, 0.366412213740458, 0.109375, 0.11594202898550725, 0.6791044776119403, 0.7107438016528925, 0.1, 0.6114649681528662, 0.75, 0.8411214953271028, 0.29133858267716534, 0.6612903225806451, 0.8672566371681416]
['poi_0.75_w', 0.15384615384615385, 0.38095238095238093, 0.5902777777777778, 0.6258503401360545, 0.835820895522388, 0.7191780821917808, 0.8703703703703703, 0.6619718309859155, 0.2605633802816901, 0.8230088495575221, 0.5645161290322581, 0.18888888888888888, 0.3564356435643564, 0.8282828282828283, 0.8090909090909091, 0.3782051282051282, 0.22929936305732485, 0.6458333333333334, 0.2357142857142857, 0.4690265486725664, 0.8260869565217391, 0.6078431372549019, 0.4793388429752066, 0.7109375]
['poi_0.25_w_iP(50%)', 0.030303030303030304, 0.039603960396039604, 0.013888888888888888, 0.034013605442176874, 0.027586206896551724, 0.08943089430894309, 0.07692307692307693, 0.06896551724137931, 0.11267605633802817, 0.1836734693877551, 0.07096774193548387, 0.006756756756756757, 0.3492063492063492, 0.20869565217391303, 0.04964539007092199, 0.11450381679389313, 0.027586206896551724, 0.02112676056338028, 0.09259259259259259, 0.17557251908396945, 0.1937984496124031, 0.13559322033898305, 0.18867924528301888, 0.35714285714285715]
['poi_0.5_w_iP(50%)', 0.07462686567164178, 0.1568627450980392, 0.09090909090909091, 0.06206896551724138, 0.03937007874015748, 0.56, 0.17142857142857143, 0.11267605633802817, 0.17777777777777778, 0.04861111111111111, 0.031746031746031744, 0.140625, 0.24793388429752067, 0.027210884353741496, 0.05, 0.22018348623853212, 0.19333333333333333, 0.007194244604316547, 0.125, 0.02702702702702703, 0.27586206896551724, 0.11711711711711711, 0.16326530612244897, 0.0958904109589041]
['poi_0.75_w_iP(50%)', 0.09821428571428571, 0.5466666666666666, 0.47244094488188976, 0.051094890510948905, 0.2222222222222222, 0.5, 0.6476190476190476, 0.7699115044247787, 0.02857142857142857, 0.0273972602739726, 0.14173228346456693, 0.10434782608695652, 0.01935483870967742, 0.3669064748201439, 0.6111111111111112, 0.02027027027027027, 0.21818181818181817, 0.336, 0.33636363636363636, 0.5784313725490197, 0.5109489051094891, 0.7037037037037037, 0.5, 0.5]
