['synapse_Base', 0.7857142857142857, 0.7857142857142857, 0.7857142857142857, 0.8333333333333334, 0.8571428571428571, 0.8333333333333334, 0.7857142857142857, 0.7857142857142857, 0.8333333333333334, 0.8571428571428571, 0.8571428571428571, 0.7857142857142857]
['synapse_0.25', 0.7857142857142857, 0.8333333333333334, 0.8333333333333334, 0.9285714285714286, 0.8333333333333334, 0.8571428571428571, 0.7857142857142857, 0.8333333333333334, 0.8333333333333334, 0.9285714285714286, 0.8333333333333334, 0.8333333333333334]
['synapse_0.5', 0.8333333333333334, 1.0, 0.8571428571428571, 1.0, 0.8333333333333334, 0.8333333333333334, 0.9285714285714286, 1.0, 0.7142857142857143, 1.0, 0.8333333333333334, 0.9285714285714286]
['synapse_0.75', 0.7857142857142857, 1.0, 1.0, 0.16666666666666666, 0.7857142857142857, 1.0, 0.6428571428571429, 0.8333333333333334, 0.9285714285714286, 1.0, 0.8333333333333334, 0.7857142857142857]
['synapse_0.25_w', 0.8333333333333334, 0.9285714285714286, 0.7857142857142857, 0.8333333333333334, 0.7857142857142857, 0.8333333333333334, 0.8333333333333334, 0.8333333333333334, 0.8571428571428571, 0.8571428571428571, 0.7857142857142857, 0.7857142857142857]
['synapse_0.5_w', 1.0, 0.8333333333333334, 1.0, 1.0, 1.0, 1.0, 1.0, 0.8333333333333334, 0.8333333333333334, 1.0, 0.8333333333333334, 0.7857142857142857]
['synapse_0.75_w', 1.0, 1.0, 0.8333333333333334, 0.7142857142857143, 1.0, 1.0, 0.8333333333333334, 0.8333333333333334, 0.6666666666666666, 0.8571428571428571, 0.7142857142857143, 0.8333333333333334]
['synapse_0.25_w_iP(25%)', 0.8571428571428571, 0.8333333333333334, 0.7857142857142857, 0.8571428571428571, 0.8571428571428571, 0.8571428571428571, 0.8333333333333334, 0.8333333333333334, 0.8333333333333334, 0.8333333333333334, 0.8333333333333334, 0.8333333333333334]
['synapse_0.25_w_iP(50%)', 0.8571428571428571, 0.8333333333333334, 0.8333333333333334, 0.8333333333333334, 0.8333333333333334, 0.7857142857142857, 0.8333333333333334, 0.8333333333333334, 0.9285714285714286, 0.7857142857142857, 0.7857142857142857, 0.8333333333333334]
['synapse_0.25_w_iP(75%)', 0.8333333333333334, 0.7857142857142857, 0.6428571428571429, 0.7857142857142857, 0.8333333333333334, 0.7857142857142857, 0.8333333333333334, 0.8333333333333334, 0.8333333333333334, 0.8333333333333334, 0.8333333333333334, 0.8333333333333334]
['synapse_0.5_w_iP(25%)', 0.8333333333333334, 1.0, 0.9285714285714286, 0.8333333333333334, 0.8333333333333334, 0.8571428571428571, 0.9285714285714286, 0.8333333333333334, 1.0, 0.9285714285714286, 0.8333333333333334, 0.8333333333333334]
['synapse_0.5_w_iP(50%)', 0.8333333333333334, 1.0, 1.0, 0.7857142857142857, 1.0, 0.8571428571428571, 0.8333333333333334, 0.8333333333333334, 0.8333333333333334, 0.7857142857142857, 0.9285714285714286, 0.8333333333333334]
['synapse_0.5_w_iP(75%)', 1.0, 1.0, 0.7857142857142857, 1.0, 1.0, 1.0, 1.0, 0.9285714285714286, 0.9285714285714286, 1.0, 0.8333333333333334, 0.7857142857142857]
['synapse_0.75_w_iP(25%)', 1.0, 1.0, 0.8333333333333334, 0.8333333333333334, 1.0, 0.8571428571428571, 1.0, 0.8333333333333334, 1.0, 0.8571428571428571, 1.0, 0.9285714285714286]
['synapse_0.75_w_iP(50%)', 0.8571428571428571, 1.0, 1.0, 0.7857142857142857, 1.0, 0.8333333333333334, 1.0, 1.0, 0.9285714285714286, 1.0, 0.8571428571428571, 0.9285714285714286]
['synapse_0.75_w_iP(75%)', 1.0, 0.5714285714285714, 1.0, 0.8333333333333334, 0.9285714285714286, 0.8333333333333334, 0.9285714285714286, 0.8571428571428571, 0.8571428571428571, 1.0, 0.9285714285714286, 1.0]
['synapse_0.25_iP(25%)', 0.8333333333333334, 0.8333333333333334, 0.8333333333333334, 0.7857142857142857, 0.7857142857142857, 0.8333333333333334, 0.7857142857142857, 0.8333333333333334, 0.7857142857142857, 0.7857142857142857, 0.7857142857142857, 0.7857142857142857]
['synapse_0.25_iP(50%)', 0.8571428571428571, 0.8571428571428571, 0.8333333333333334, 0.8333333333333334, 0.8333333333333334, 0.8333333333333334, 0.8333333333333334, 0.8333333333333334, 0.8333333333333334, 0.8333333333333334, 0.8333333333333334, 0.7857142857142857]
['synapse_0.25_iP(75%)', 0.8333333333333334, 0.9285714285714286, 0.7857142857142857, 0.8333333333333334, 0.8333333333333334, 0.7857142857142857, 0.8571428571428571, 0.8571428571428571, 0.8333333333333334, 0.8333333333333334, 0.7857142857142857, 0.8333333333333334]
['synapse_0.5_iP(25%)', 0.8333333333333334, 0.8333333333333334, 0.8333333333333334, 1.0, 0.8571428571428571, 0.8333333333333334, 0.8333333333333334, 0.8571428571428571, 0.8571428571428571, 0.8571428571428571, 0.8333333333333334, 0.7857142857142857]
['synapse_0.5_iP(50%)', 0.8333333333333334, 0.8333333333333334, 0.7857142857142857, 0.8571428571428571, 0.7857142857142857, 0.9285714285714286, 0.7857142857142857, 0.8571428571428571, 0.8333333333333334, 1.0, 1.0, 1.0]
['synapse_0.5_iP(75%)', 1.0, 1.0, 0.8571428571428571, 1.0, 0.8571428571428571, 0.9285714285714286, 1.0, 1.0, 0.8571428571428571, 0.7857142857142857, 0.8333333333333334, 0.8333333333333334]
['synapse_0.75_iP(25%)', 0.8571428571428571, 0.9285714285714286, 0.8333333333333334, 0.8571428571428571, 1.0, 1.0, 0.8333333333333334, 0.9285714285714286, 1.0, 1.0, 1.0, 0.8571428571428571]
['synapse_0.75_iP(50%)', 0.8333333333333334, 1.0, 1.0, 0.8333333333333334, 0.8333333333333334, 0.8333333333333334, 0.8571428571428571, 1.0, 0.8571428571428571, 0.8571428571428571, 0.6428571428571429, 1.0]
['synapse_0.75_iP(75%)', 1.0, 1.0, 1.0, 1.0, 1.0, 1.0, 1.0, 0.8333333333333334, 1.0, 0.9285714285714286, 1.0, 1.0]
