['velocity_Base', 0.43478260869565216, 0.2857142857142857, 0.2545454545454545, 0.25862068965517243, 0.36363636363636365, 0.35294117647058826, 0.31666666666666665, 0.3541666666666667, 0.3333333333333333, 0.4461538461538462, 0.38596491228070173, 0.3469387755102041]
['velocity_0.25', 0.32, 0.3, 0.423728813559322, 0.38461538461538464, 0.38461538461538464, 0.30612244897959184, 0.33962264150943394, 0.4, 0.3673469387755102, 0.44776119402985076, 0.43283582089552236, 0.43103448275862066]
['velocity_0.5', 0.36363636363636365, 0.4925373134328358, 0.423728813559322, 0.32786885245901637, 0.515625, 0.39622641509433965, 0.47368421052631576, 0.2641509433962264, 0.4909090909090909, 0.5147058823529411, 0.4057971014492754, 0.49206349206349204]
['velocity_0.75', 0.32075471698113206, 0.5, 0.65625, 0.6481481481481481, 0.6346153846153846, 0.5428571428571428, 0.4791666666666667, 0.5606060606060606, 0.4642857142857143, 0.4791666666666667, 0.29411764705882354, 0.671875]
['velocity_0.25_w', 0.25925925925925924, 0.410958904109589, 0.44642857142857145, 0.2037037037037037, 0.36065573770491804, 0.4827586206896552, 0.4246575342465753, 0.3793103448275862, 0.546875, 0.5522388059701493, 0.4603174603174603, 0.25862068965517243]
['velocity_0.5_w', 0.5357142857142857, 0.4230769230769231, 0.5362318840579711, 0.5384615384615384, 0.3541666666666667, 0.5540540540540541, 0.2545454545454545, 0.3148148148148148, 0.5833333333333334, 0.3076923076923077, 0.39285714285714285, 0.2962962962962963]
['velocity_0.75_w', 0.5671641791044776, 0.48214285714285715, 0.3770491803278688, 0.532258064516129, 0.671875, 0.3968253968253968, 0.43333333333333335, 0.39655172413793105, 0.4925373134328358, 0.5370370370370371, 0.4897959183673469, 0.47619047619047616]
['velocity_0.25_w_iP(25%)', 0.3582089552238806, 0.18518518518518517, 0.4, 0.4722222222222222, 0.41379310344827586, 0.4838709677419355, 0.4406779661016949, 0.36363636363636365, 0.3389830508474576, 0.19607843137254902, 0.3728813559322034, 0.2909090909090909]
['velocity_0.25_w_iP(50%)', 0.48484848484848486, 0.2962962962962963, 0.25, 0.35294117647058826, 0.4307692307692308, 0.3283582089552239, 0.29508196721311475, 0.3870967741935484, 0.3392857142857143, 0.4032258064516129, 0.391304347826087, 0.352112676056338]
['velocity_0.25_w_iP(75%)', 0.4492753623188406, 0.44680851063829785, 0.39655172413793105, 0.40298507462686567, 0.35294117647058826, 0.359375, 0.49230769230769234, 0.12244897959183673, 0.3877551020408163, 0.36923076923076925, 0.3709677419354839, 0.4857142857142857]
['velocity_0.5_w_iP(25%)', 0.4166666666666667, 0.5538461538461539, 0.41818181818181815, 0.4339622641509434, 0.4262295081967213, 0.4461538461538462, 0.32786885245901637, 0.42424242424242425, 0.3728813559322034, 0.37037037037037035, 0.27450980392156865, 0.4262295081967213]
['velocity_0.5_w_iP(50%)', 0.5079365079365079, 0.31343283582089554, 0.3472222222222222, 0.34328358208955223, 0.2982456140350877, 0.4027777777777778, 0.3684210526315789, 0.18867924528301888, 0.2641509433962264, 0.2641509433962264, 0.2549019607843137, 0.35714285714285715]
['velocity_0.5_w_iP(75%)', 0.4576271186440678, 0.5846153846153846, 0.5625, 0.45901639344262296, 0.23636363636363636, 0.5, 0.36507936507936506, 0.3880597014925373, 0.4461538461538462, 0.39436619718309857, 0.5454545454545454, 0.30612244897959184]
['velocity_0.75_w_iP(25%)', 0.328125, 0.3968253968253968, 0.4375, 0.25, 0.28, 0.421875, 0.46153846153846156, 0.3333333333333333, 0.43283582089552236, 0.34615384615384615, 0.37254901960784315, 0.48148148148148145]
['velocity_0.75_w_iP(50%)', 0.3142857142857143, 0.2692307692307692, 0.43333333333333335, 0.35135135135135137, 0.45714285714285713, 0.3333333333333333, 0.17307692307692307, 0.4057971014492754, 0.4032258064516129, 0.28846153846153844, 0.23529411764705882, 0.3968253968253968]
['velocity_0.75_w_iP(75%)', 0.352112676056338, 0.5614035087719298, 0.38235294117647056, 0.6166666666666667, 0.4576271186440678, 0.3787878787878788, 0.3448275862068966, 0.21311475409836064, 0.5076923076923077, 0.47761194029850745, 0.3684210526315789, 0.1320754716981132]
['velocity_0.25_iP(25%)', 0.4, 0.484375, 0.4166666666666667, 0.3, 0.3404255319148936, 0.45161290322580644, 0.46774193548387094, 0.4714285714285714, 0.35185185185185186, 0.39285714285714285, 0.39344262295081966, 0.35185185185185186]
['velocity_0.25_iP(50%)', 0.46875, 0.2653061224489796, 0.25862068965517243, 0.4393939393939394, 0.32142857142857145, 0.41818181818181815, 0.38333333333333336, 0.2222222222222222, 0.2916666666666667, 0.4142857142857143, 0.2909090909090909, 0.28846153846153844]
['velocity_0.25_iP(75%)', 0.3230769230769231, 0.41935483870967744, 0.3559322033898305, 0.3269230769230769, 0.47692307692307695, 0.421875, 0.23529411764705882, 0.4262295081967213, 0.4090909090909091, 0.46875, 0.43333333333333335, 0.34285714285714286]
['velocity_0.5_iP(25%)', 0.42857142857142855, 0.4307692307692308, 0.4307692307692308, 0.40350877192982454, 0.4461538461538462, 0.45161290322580644, 0.4264705882352941, 0.36538461538461536, 0.35714285714285715, 0.4264705882352941, 0.35384615384615387, 0.43661971830985913]
['velocity_0.5_iP(50%)', 0.3013698630136986, 0.30357142857142855, 0.3090909090909091, 0.2807017543859649, 0.38095238095238093, 0.24, 0.453125, 0.35714285714285715, 0.46774193548387094, 0.2708333333333333, 0.35185185185185186, 0.2711864406779661]
['velocity_0.5_iP(75%)', 0.34, 0.5925925925925926, 0.4, 0.3090909090909091, 0.41509433962264153, 0.41304347826086957, 0.5070422535211268, 0.47540983606557374, 0.23728813559322035, 0.3333333333333333, 0.27450980392156865, 0.47692307692307695]
['velocity_0.75_iP(25%)', 0.390625, 0.391304347826087, 0.36923076923076925, 0.2830188679245283, 0.46153846153846156, 0.3793103448275862, 0.40298507462686567, 0.2857142857142857, 0.23076923076923078, 0.4117647058823529, 0.35384615384615387, 0.3157894736842105]
['velocity_0.75_iP(50%)', 0.4411764705882353, 0.4647887323943662, 0.29310344827586204, 0.17647058823529413, 0.2641509433962264, 0.46774193548387094, 0.47692307692307695, 0.18181818181818182, 0.37142857142857144, 0.35294117647058826, 0.26229508196721313, 0.288135593220339]
['velocity_0.75_iP(75%)', 0.5172413793103449, 0.19230769230769232, 0.49122807017543857, 0.5694444444444444, 0.24074074074074073, 0.3968253968253968, 0.4393939393939394, 0.5211267605633803, 0.4482758620689655, 0.36065573770491804, 0.3137254901960784, 0.18867924528301888]
