['velocity_Base', 0.3559322033898305, 0.36, 0.4, 0.38095238095238093, 0.38333333333333336, 0.3829787234042553, 0.3137254901960784, 0.4057971014492754, 0.37681159420289856, 0.4117647058823529, 0.37254901960784315, 0.3559322033898305, 0.3561643835616438, 0.4142857142857143, 0.3090909090909091, 0.34, 0.23636363636363636, 0.5, 0.3508771929824561, 0.2807017543859649, 0.5, 0.4626865671641791, 0.3392857142857143, 0.4]
['velocity_0.25', 0.35185185185185186, 0.3448275862068966, 0.4857142857142857, 0.3559322033898305, 0.3137254901960784, 0.3728813559322034, 0.35294117647058826, 0.3333333333333333, 0.4666666666666667, 0.4375, 0.4925373134328358, 0.3898305084745763, 0.421875, 0.3333333333333333, 0.4393939393939394, 0.49122807017543857, 0.34782608695652173, 0.4393939393939394, 0.5084745762711864, 0.36363636363636365, 0.2909090909090909, 0.2962962962962963, 0.5138888888888888, 0.3870967741935484]
['velocity_0.5', 0.3448275862068966, 0.30357142857142855, 0.3137254901960784, 0.21818181818181817, 0.5740740740740741, 0.39215686274509803, 0.30158730158730157, 0.4411764705882353, 0.34615384615384615, 0.2608695652173913, 0.5396825396825397, 0.6666666666666666, 0.5967741935483871, 0.53125, 0.5263157894736842, 0.49230769230769234, 0.4166666666666667, 0.4074074074074074, 0.6190476190476191, 0.49295774647887325, 0.5671641791044776, 0.5737704918032787, 0.4262295081967213, 0.4444444444444444]
['velocity_0.75', 0.6031746031746031, 0.30612244897959184, 0.25806451612903225, 0.4375, 0.23404255319148937, 0.5142857142857142, 0.5254237288135594, 0.5510204081632653, 0.47058823529411764, 0.375, 0.609375, 0.45614035087719296, 0.4492753623188406, 0.46875, 0.5102040816326531, 0.5396825396825397, 0.32653061224489793, 0.5344827586206896, 0.5873015873015873, 0.43661971830985913, 0.3076923076923077, 0.3880597014925373, 0.8125, 0.4642857142857143]
['velocity_0.25_w', 0.3, 0.4576271186440678, 0.5151515151515151, 0.32142857142857145, 0.43283582089552236, 0.24074074074074073, 0.4576271186440678, 0.3584905660377358, 0.3548387096774194, 0.28846153846153844, 0.38571428571428573, 0.4925373134328358, 0.4444444444444444, 0.3018867924528302, 0.4153846153846154, 0.53125, 0.3968253968253968, 0.34615384615384615, 0.5303030303030303, 0.2830188679245283, 0.47058823529411764, 0.5087719298245614, 0.36538461538461536, 0.25925925925925924]
['velocity_0.5_w', 0.55, 0.36923076923076925, 0.3582089552238806, 0.43859649122807015, 0.43103448275862066, 0.5535714285714286, 0.4, 0.640625, 0.5, 0.4230769230769231, 0.4927536231884058, 0.38181818181818183, 0.37735849056603776, 0.54, 0.4307692307692308, 0.6153846153846154, 0.5161290322580645, 0.3684210526315789, 0.2978723404255319, 0.5357142857142857, 0.423728813559322, 0.54, 0.43636363636363634, 0.5178571428571429]
['velocity_0.75_w', 0.48484848484848486, 0.4482758620689655, 0.30434782608695654, 0.4626865671641791, 0.49230769230769234, 0.484375, 0.3333333333333333, 0.34328358208955223, 0.32142857142857145, 0.6197183098591549, 0.53125, 0.5492957746478874, 0.3392857142857143, 0.4647887323943662, 0.5873015873015873, 0.5357142857142857, 0.5652173913043478, 0.5151515151515151, 0.56, 0.6382978723404256, 0.5666666666666667, 0.5714285714285714, 0.5671641791044776, 0.5483870967741935]
['velocity_0.25_w_iP(50%)', 0.2833333333333333, 0.30303030303030304, 0.2553191489361702, 0.3939393939393939, 0.3404255319148936, 0.2777777777777778, 0.4411764705882353, 0.2553191489361702, 0.3220338983050847, 0.3492063492063492, 0.28846153846153844, 0.4126984126984127, 0.421875, 0.4492753623188406, 0.375, 0.3968253968253968, 0.390625, 0.38461538461538464, 0.2708333333333333, 0.2962962962962963, 0.3939393939393939, 0.296875, 0.43283582089552236, 0.42424242424242425]
['velocity_0.5_w_iP(50%)', 0.3728813559322034, 0.2857142857142857, 0.3787878787878788, 0.4, 0.2692307692307692, 0.3620689655172414, 0.4090909090909091, 0.23529411764705882, 0.31746031746031744, 0.4626865671641791, 0.26666666666666666, 0.42857142857142855, 0.38095238095238093, 0.31746031746031744, 0.3728813559322034, 0.2222222222222222, 0.28846153846153844, 0.44776119402985076, 0.31666666666666665, 0.37142857142857144, 0.3103448275862069, 0.36923076923076925, 0.44776119402985076, 0.42424242424242425]
['velocity_0.75_w_iP(50%)', 0.4393939393939394, 0.4027777777777778, 0.3898305084745763, 0.3793103448275862, 0.4090909090909091, 0.3728813559322034, 0.4, 0.26785714285714285, 0.42857142857142855, 0.42424242424242425, 0.36923076923076925, 0.3076923076923077, 0.4126984126984127, 0.3424657534246575, 0.28846153846153844, 0.17857142857142858, 0.3050847457627119, 0.3269230769230769, 0.43478260869565216, 0.3684210526315789, 0.25, 0.39655172413793105, 0.2982456140350877, 0.5245901639344263]
