['velocity_Base', 0.13333333333333333, 0.1, 0.11666666666666667, 0.171875, 0.11475409836065574, 0.1111111111111111, 0.13333333333333333, 0.171875, 0.1694915254237288, 0.13114754098360656, 0.14516129032258066, 0.171875, 0.109375, 0.12698412698412698, 0.16666666666666666, 0.1, 0.11666666666666667, 0.1, 0.12698412698412698, 0.13793103448275862, 0.13333333333333333, 0.13114754098360656, 0.1, 0.11666666666666667]
['velocity_0.25', 0.06896551724137931, 0.08333333333333333, 0.11666666666666667, 0.12698412698412698, 0.03333333333333333, 0.08333333333333333, 0.06896551724137931, 0.08333333333333333, 0.06896551724137931, 0.09375, 0.08064516129032258, 0.140625, 0.15625, 0.047619047619047616, 0.03333333333333333, 0.09523809523809523, 0.0625, 0.09836065573770492, 0.13793103448275862, 0.046875, 0.09523809523809523, 0.06666666666666667, 0.078125, 0.07936507936507936]
['velocity_0.5', 0.0967741935483871, 0.13114754098360656, 0.30158730158730157, 0.1, 0.13114754098360656, 0.10344827586206896, 0.1111111111111111, 0.2698412698412698, 0.20967741935483872, 0.19672131147540983, 0.1111111111111111, 0.12903225806451613, 0.21875, 0.13333333333333333, 0.13333333333333333, 0.3114754098360656, 0.08620689655172414, 0.15625, 0.31666666666666665, 0.15517241379310345, 0.19047619047619047, 0.19047619047619047, 0.14516129032258066, 0.22950819672131148]
['velocity_0.75', 0.3968253968253968, 0.2, 0.14285714285714285, 0.2, 0.32786885245901637, 0.20634920634920634, 0.22950819672131148, 0.41935483870967744, 0.13333333333333333, 0.26229508196721313, 0.41379310344827586, 0.3125, 0.20967741935483872, 0.03278688524590164, 0.4126984126984127, 0.4666666666666667, 0.39344262295081966, 0.29508196721311475, 0.40625, 0.2857142857142857, 0.13114754098360656, 0.09836065573770492, 0.06896551724137931, 0.390625]
['velocity_0.25_w', 0.0, 0.08620689655172414, 0.05172413793103448, 0.06896551724137931, 0.1111111111111111, 0.04918032786885246, 0.06896551724137931, 0.11666666666666667, 0.034482758620689655, 0.1, 0.0847457627118644, 0.125, 0.06557377049180328, 0.14285714285714285, 0.034482758620689655, 0.13114754098360656, 0.09375, 0.12903225806451613, 0.09523809523809523, 0.1, 0.0967741935483871, 0.08333333333333333, 0.125, 0.06666666666666667]
['velocity_0.5_w', 0.30158730158730157, 0.05, 0.20634920634920634, 0.1774193548387097, 0.296875, 0.22033898305084745, 0.15625, 0.15873015873015872, 0.23809523809523808, 0.1746031746031746, 0.19672131147540983, 0.26229508196721313, 0.15, 0.2786885245901639, 0.140625, 0.15, 0.23333333333333334, 0.1111111111111111, 0.14285714285714285, 0.23809523809523808, 0.06896551724137931, 0.25396825396825395, 0.1774193548387097, 0.19047619047619047]
['velocity_0.75_w', 0.19047619047619047, 0.08196721311475409, 0.23809523809523808, 0.27419354838709675, 0.30158730158730157, 0.2459016393442623, 0.20634920634920634, 0.19672131147540983, 0.21311475409836064, 0.1111111111111111, 0.25396825396825395, 0.2786885245901639, 0.3103448275862069, 0.19047619047619047, 0.25, 0.1774193548387097, 0.42857142857142855, 0.18032786885245902, 0.29508196721311475, 0.38095238095238093, 0.3333333333333333, 0.4126984126984127, 0.2698412698412698, 0.25862068965517243]
['velocity_0.25_w_iP(50%)', 0.1746031746031746, 0.18032786885245902, 0.265625, 0.19672131147540983, 0.1875, 0.2459016393442623, 0.14285714285714285, 0.1111111111111111, 0.15873015873015872, 0.1, 0.1935483870967742, 0.18333333333333332, 0.20634920634920634, 0.15, 0.171875, 0.20634920634920634, 0.15873015873015872, 0.1746031746031746, 0.2, 0.16666666666666666, 0.22580645161290322, 0.13114754098360656, 0.16393442622950818, 0.06666666666666667]
['velocity_0.5_w_iP(50%)', 0.26666666666666666, 0.11475409836065574, 0.2833333333333333, 0.2413793103448276, 0.3275862068965517, 0.28125, 0.2, 0.16393442622950818, 0.20634920634920634, 0.20689655172413793, 0.24193548387096775, 0.21666666666666667, 0.14285714285714285, 0.13793103448275862, 0.1724137931034483, 0.26666666666666666, 0.36507936507936506, 0.328125, 0.25396825396825395, 0.18032786885245902, 0.16393442622950818, 0.1875, 0.3275862068965517, 0.13333333333333333]
['velocity_0.75_w_iP(50%)', 0.15873015873015872, 0.31746031746031744, 0.36507936507936506, 0.3333333333333333, 0.3225806451612903, 0.2857142857142857, 0.3064516129032258, 0.3333333333333333, 0.328125, 0.1746031746031746, 0.1774193548387097, 0.27419354838709675, 0.2698412698412698, 0.2698412698412698, 0.25, 0.2, 0.13333333333333333, 0.2833333333333333, 0.2903225806451613, 0.2857142857142857, 0.41379310344827586, 0.2903225806451613, 0.20967741935483872, 0.22950819672131148]
