['xalan_Base', 0.3303964757709251, 0.1878453038674033, 0.5920398009950248, 0.19909502262443438, 0.2698412698412698, 0.24378109452736318, 0.31390134529147984, 0.21076233183856502, 0.5265700483091788, 0.28378378378378377, 0.3686868686868687, 0.5595854922279793, 0.3684210526315789, 0.3612565445026178, 0.30434782608695654, 0.400990099009901, 0.36324786324786323, 0.37, 0.2682926829268293, 0.2986425339366516, 0.19021739130434784, 0.44776119402985076, 0.5487179487179488, 0.4028436018957346]
['xalan_0.25', 0.35454545454545455, 0.3263157894736842, 0.37142857142857144, 0.17341040462427745, 0.22966507177033493, 0.3170731707317073, 0.30917874396135264, 0.323943661971831, 0.2907488986784141, 0.39037433155080214, 0.3157894736842105, 0.3133047210300429, 0.37383177570093457, 0.4105263157894737, 0.3137254901960784, 0.40384615384615385, 0.32275132275132273, 0.32065217391304346, 0.31016042780748665, 0.3229166666666667, 0.36018957345971564, 0.3842364532019704, 0.21226415094339623, 0.29411764705882354]
['xalan_0.5', 0.2818181818181818, 0.20192307692307693, 0.36607142857142855, 0.2688679245283019, 0.35406698564593303, 0.4, 0.3463414634146341, 0.3891402714932127, 0.3317972350230415, 0.2756756756756757, 0.34285714285714286, 0.4147465437788018, 0.22164948453608246, 0.2922374429223744, 0.20175438596491227, 0.4537037037037037, 0.3118811881188119, 0.21890547263681592, 0.28019323671497587, 0.3719806763285024, 0.4975369458128079, 0.27717391304347827, 0.34418604651162793, 0.39215686274509803]
['xalan_0.75', 0.2634146341463415, 0.2864583333333333, 0.4393939393939394, 0.460093896713615, 0.305, 0.2647058823529412, 0.2972972972972973, 0.5888888888888889, 0.20105820105820105, 0.41232227488151657, 0.2552083333333333, 0.09424083769633508, 0.30569948186528495, 0.4153846153846154, 0.3709677419354839, 0.391304347826087, 0.4467005076142132, 0.2708333333333333, 0.3127962085308057, 0.4807692307692308, 0.4166666666666667, 0.4467005076142132, 0.48663101604278075, 0.38421052631578945]
['xalan_0.25_w', 0.22119815668202766, 0.36764705882352944, 0.35175879396984927, 0.3602150537634409, 0.2619047619047619, 0.37799043062200954, 0.29955947136563876, 0.3209302325581395, 0.21666666666666667, 0.40271493212669685, 0.2465753424657534, 0.3761904761904762, 0.3933649289099526, 0.32460732984293195, 0.2923076923076923, 0.3, 0.32967032967032966, 0.358974358974359, 0.19318181818181818, 0.31896551724137934, 0.23863636363636365, 0.20952380952380953, 0.29411764705882354, 0.32286995515695066]
['xalan_0.5_w', 0.2112676056338028, 0.2577777777777778, 0.2975609756097561, 0.5602094240837696, 0.28421052631578947, 0.39690721649484534, 0.5256410256410257, 0.37799043062200954, 0.3804878048780488, 0.2850467289719626, 0.4166666666666667, 0.3492822966507177, 0.6071428571428571, 0.20304568527918782, 0.34951456310679613, 0.4020100502512563, 0.25396825396825395, 0.32124352331606215, 0.34972677595628415, 0.18686868686868688, 0.4722222222222222, 0.2245762711864407, 0.3705357142857143, 0.3487179487179487]
['xalan_0.75_w', 0.44052863436123346, 0.28448275862068967, 0.2610619469026549, 0.35096153846153844, 0.26570048309178745, 0.25, 0.39565217391304347, 0.3055555555555556, 0.3907563025210084, 0.45408163265306123, 0.42924528301886794, 0.375, 0.06417112299465241, 0.24019607843137256, 0.3626943005181347, 0.386046511627907, 0.2132701421800948, 0.3619047619047619, 0.3602150537634409, 0.23857868020304568, 0.065, 0.2897196261682243, 0.3010204081632653, 0.1187214611872146]
['xalan_0.25_w_iP(50%)', 0.30869565217391304, 0.5247524752475248, 0.3444976076555024, 0.4956896551724138, 0.415, 0.32967032967032966, 0.15458937198067632, 0.4646017699115044, 0.26666666666666666, 0.2672413793103448, 0.40298507462686567, 0.3222748815165877, 0.3842364532019704, 0.29015544041450775, 0.3798076923076923, 0.449438202247191, 0.27461139896373055, 0.4405940594059406, 0.398989898989899, 0.3446601941747573, 0.2863849765258216, 0.39800995024875624, 0.34, 0.3869565217391304]
['xalan_0.5_w_iP(50%)', 0.3022222222222222, 0.25, 0.47085201793721976, 0.34517766497461927, 0.4206008583690987, 0.4036697247706422, 0.3023255813953488, 0.4213197969543147, 0.45108695652173914, 0.305, 0.40298507462686567, 0.3556701030927835, 0.44, 0.365296803652968, 0.4343891402714932, 0.4380952380952381, 0.2403846153846154, 0.33771929824561403, 0.3684210526315789, 0.3080568720379147, 0.3073170731707317, 0.19339622641509435, 0.29292929292929293, 0.326271186440678]
['xalan_0.75_w_iP(50%)', 0.3701923076923077, 0.4742268041237113, 0.45588235294117646, 0.5634517766497462, 0.28019323671497587, 0.23529411764705882, 0.14948453608247422, 0.4320388349514563, 0.36649214659685864, 0.4881516587677725, 0.35294117647058826, 0.38578680203045684, 0.3944954128440367, 0.5282051282051282, 0.24890829694323144, 0.25853658536585367, 0.37037037037037035, 0.4714285714285714, 0.2641509433962264, 0.27692307692307694, 0.4945652173913043, 0.19402985074626866, 0.26732673267326734, 0.1588235294117647]
