['xalan_Base', 0.08092485549132948, 0.06976744186046512, 0.08928571428571429, 0.06976744186046512, 0.07878787878787878, 0.08139534883720931, 0.075, 0.07878787878787878, 0.08092485549132948, 0.07692307692307693, 0.08620689655172414, 0.08092485549132948, 0.07878787878787878, 0.08928571428571429, 0.06976744186046512, 0.08139534883720931, 0.07692307692307693, 0.07784431137724551, 0.08092485549132948, 0.07692307692307693, 0.06976744186046512, 0.08139534883720931, 0.07692307692307693, 0.07784431137724551]
['xalan_0.25', 0.029585798816568046, 0.024242424242424242, 0.05172413793103448, 0.03550295857988166, 0.10059171597633136, 0.03550295857988166, 0.09195402298850575, 0.0755813953488372, 0.06896551724137931, 0.06976744186046512, 0.1, 0.08284023668639054, 0.03592814371257485, 0.029585798816568046, 0.046242774566473986, 0.03571428571428571, 0.057803468208092484, 0.03550295857988166, 0.06358381502890173, 0.041916167664670656, 0.029585798816568046, 0.023668639053254437, 0.04142011834319527, 0.047337278106508875]
['xalan_0.5', 0.19653179190751446, 0.18604651162790697, 0.21511627906976744, 0.10179640718562874, 0.06321839080459771, 0.12121212121212122, 0.1896551724137931, 0.14534883720930233, 0.046511627906976744, 0.0650887573964497, 0.15976331360946747, 0.11904761904761904, 0.029585798816568046, 0.13609467455621302, 0.10344827586206896, 0.0440251572327044, 0.11242603550295859, 0.07692307692307693, 0.10982658959537572, 0.15976331360946747, 0.2138728323699422, 0.07142857142857142, 0.05202312138728324, 0.12727272727272726]
['xalan_0.75', 0.2909090909090909, 0.22485207100591717, 0.22424242424242424, 0.34545454545454546, 0.6395348837209303, 0.20689655172413793, 0.40236686390532544, 0.38953488372093026, 0.2781065088757396, 0.1834319526627219, 0.1834319526627219, 0.029585798816568046, 0.24404761904761904, 0.14792899408284024, 0.19767441860465115, 0.16766467065868262, 0.5384615384615384, 0.21965317919075145, 0.4540229885057471, 0.20930232558139536, 0.3712574850299401, 0.3953488372093023, 0.2, 0.4556213017751479]
['xalan_0.25_w', 0.011834319526627219, 0.06896551724137931, 0.05747126436781609, 0.01744186046511628, 0.018633540372670808, 0.046511627906976744, 0.059880239520958084, 0.0650887573964497, 0.03488372093023256, 0.03636363636363636, 0.07514450867052024, 0.06321839080459771, 0.12716763005780346, 0.05917159763313609, 0.05325443786982249, 0.0650887573964497, 0.09195402298850575, 0.02976190476190476, 0.030303030303030304, 0.08875739644970414, 0.047337278106508875, 0.07692307692307693, 0.03550295857988166, 0.030303030303030304]
['xalan_0.5_w', 0.09302325581395349, 0.030303030303030304, 0.1437125748502994, 0.23699421965317918, 0.2832369942196532, 0.2832369942196532, 0.1834319526627219, 0.10982658959537572, 0.13218390804597702, 0.10650887573964497, 0.20833333333333334, 0.07272727272727272, 0.09090909090909091, 0.1242603550295858, 0.11904761904761904, 0.1676300578034682, 0.06395348837209303, 0.1839080459770115, 0.2832369942196532, 0.09302325581395349, 0.07692307692307693, 0.2, 0.11242603550295859, 0.09883720930232558]
['xalan_0.75_w', 0.3136094674556213, 0.31976744186046513, 0.1893491124260355, 0.3592814371257485, 0.1317365269461078, 0.24528301886792453, 0.11834319526627218, 0.0650887573964497, 0.34104046242774566, 0.5088757396449705, 0.1949685534591195, 0.15151515151515152, 0.13953488372093023, 0.26627218934911245, 0.21301775147928995, 0.5, 0.1206896551724138, 0.5029585798816568, 0.01775147928994083, 0.32558139534883723, 0.21428571428571427, 0.07878787878787878, 0.17751479289940827, 0.2832369942196532]
['xalan_0.25_w_iP(50%)', 0.03636363636363636, 0.05325443786982249, 0.10344827586206896, 0.05232558139534884, 0.05232558139534884, 0.041666666666666664, 0.03550295857988166, 0.06358381502890173, 0.030303030303030304, 0.05357142857142857, 0.07514450867052024, 0.04242424242424243, 0.08875739644970414, 0.029069767441860465, 0.09467455621301775, 0.03636363636363636, 0.059880239520958084, 0.04242424242424243, 0.03592814371257485, 0.06060606060606061, 0.04142011834319527, 0.07514450867052024, 0.05325443786982249, 0.024242424242424242]
['xalan_0.5_w_iP(50%)', 0.1377245508982036, 0.06666666666666667, 0.1834319526627219, 0.08045977011494253, 0.12209302325581395, 0.11560693641618497, 0.07514450867052024, 0.07692307692307693, 0.13953488372093023, 0.04242424242424243, 0.0650887573964497, 0.10344827586206896, 0.08139534883720931, 0.1242603550295858, 0.05232558139534884, 0.1301775147928994, 0.022988505747126436, 0.09883720930232558, 0.06936416184971098, 0.08284023668639054, 0.13218390804597702, 0.10982658959537572, 0.05917159763313609, 0.0650887573964497]
['xalan_0.75_w_iP(50%)', 0.12790697674418605, 0.13218390804597702, 0.1952662721893491, 0.15757575757575756, 0.07738095238095238, 0.18562874251497005, 0.07692307692307693, 0.13609467455621302, 0.38461538461538464, 0.06060606060606061, 0.1952662721893491, 0.07272727272727272, 0.2471264367816092, 0.12209302325581395, 0.17159763313609466, 0.16184971098265896, 0.19393939393939394, 0.14450867052023122, 0.1242603550295858, 0.16091954022988506, 0.1834319526627219, 0.1242603550295858, 0.09467455621301775, 0.20606060606060606]
