['xalan_Base', 0.31196581196581197, 0.4512820512820513, 0.35096153846153844, 0.2676056338028169, 0.47317073170731705, 0.36633663366336633, 0.28169014084507044, 0.16666666666666666, 0.35602094240837695, 0.2524752475247525, 0.30851063829787234, 0.2575107296137339]
['xalan_0.25', 0.4017857142857143, 0.3761904761904762, 0.32323232323232326, 0.4034334763948498, 0.35454545454545455, 0.3080568720379147, 0.325, 0.3090909090909091, 0.26344086021505375, 0.3717277486910995, 0.4126984126984127, 0.28125]
['xalan_0.5', 0.39487179487179486, 0.17727272727272728, 0.44549763033175355, 0.36363636363636365, 0.27, 0.3557692307692308, 0.29955947136563876, 0.31896551724137934, 0.35428571428571426, 0.14583333333333334, 0.4095744680851064, 0.36548223350253806]
['xalan_0.75', 0.143646408839779, 0.3872340425531915, 0.4590909090909091, 0.4114583333333333, 0.22522522522522523, 0.28, 0.21568627450980393, 0.2544642857142857, 0.5091743119266054, 0.0847457627118644, 0.48325358851674644, 0.4065934065934066]
['xalan_0.25_w', 0.4051724137931034, 0.28773584905660377, 0.3225806451612903, 0.329004329004329, 0.3438914027149321, 0.4, 0.3333333333333333, 0.25, 0.45685279187817257, 0.18811881188118812, 0.2772727272727273, 0.3415841584158416]
['xalan_0.5_w', 0.37327188940092165, 0.2127659574468085, 0.34101382488479265, 0.17326732673267325, 0.3482587064676617, 0.08108108108108109, 0.42358078602620086, 0.33962264150943394, 0.3798076923076923, 0.32642487046632124, 0.2175925925925926, 0.3059360730593607]
['xalan_0.75_w', 0.4826086956521739, 0.24336283185840707, 0.2658959537572254, 0.3089005235602094, 0.2556053811659193, 0.44761904761904764, 0.3444976076555024, 0.3284313725490196, 0.32160804020100503, 0.45789473684210524, 0.35, 0.4698275862068966]
['xalan_0.25_w_iP(25%)', 0.3431372549019608, 0.5870646766169154, 0.587378640776699, 0.32701421800947866, 0.3333333333333333, 0.36649214659685864, 0.26976744186046514, 0.38613861386138615, 0.2535885167464115, 0.36597938144329895, 0.48205128205128206, 0.3279569892473118]
['xalan_0.25_w_iP(50%)', 0.3793103448275862, 0.25980392156862747, 0.33695652173913043, 0.29107981220657275, 0.3640552995391705, 0.2926829268292683, 0.328125, 0.4106280193236715, 0.4009433962264151, 0.2222222222222222, 0.45, 0.3431372549019608]
['xalan_0.25_w_iP(75%)', 0.2, 0.3882978723404255, 0.28169014084507044, 0.2660098522167488, 0.2233502538071066, 0.4444444444444444, 0.24875621890547264, 0.29955947136563876, 0.48095238095238096, 0.38396624472573837, 0.2736842105263158, 0.3689839572192513]
['xalan_0.5_w_iP(25%)', 0.2131979695431472, 0.1590909090909091, 0.22115384615384615, 0.37628865979381443, 0.4371859296482412, 0.39361702127659576, 0.6666666666666666, 0.31155778894472363, 0.2863849765258216, 0.4010989010989011, 0.30256410256410254, 0.37755102040816324]
['xalan_0.5_w_iP(50%)', 0.39086294416243655, 0.2708333333333333, 0.3480392156862745, 0.38425925925925924, 0.44339622641509435, 0.2672811059907834, 0.3756345177664975, 0.32653061224489793, 0.34615384615384615, 0.5026737967914439, 0.1746987951807229, 0.5319148936170213]
['xalan_0.5_w_iP(75%)', 0.37727272727272726, 0.1782178217821782, 0.24770642201834864, 0.34806629834254144, 0.415, 0.1595744680851064, 0.3723404255319149, 0.22167487684729065, 0.4072398190045249, 0.34782608695652173, 0.3756345177664975, 0.30851063829787234]
['xalan_0.75_w_iP(25%)', 0.17964071856287425, 0.36585365853658536, 0.37089201877934275, 0.4827586206896552, 0.39473684210526316, 0.4666666666666667, 0.24519230769230768, 0.2717948717948718, 0.35267857142857145, 0.4020100502512563, 0.30454545454545456, 0.33]
['xalan_0.75_w_iP(50%)', 0.35714285714285715, 0.5063829787234042, 0.16216216216216217, 0.35023041474654376, 0.4019607843137255, 0.3448275862068966, 0.35348837209302325, 0.4126984126984127, 0.30952380952380953, 0.325, 0.32242990654205606, 0.1111111111111111]
['xalan_0.75_w_iP(75%)', 0.5180180180180181, 0.4152542372881356, 0.44036697247706424, 0.208955223880597, 0.3470319634703196, 0.12154696132596685, 0.2893401015228426, 0.33980582524271846, 0.21052631578947367, 0.15656565656565657, 0.4106280193236715, 0.2552083333333333]
['xalan_0.25_iP(25%)', 0.365296803652968, 0.3628691983122363, 0.3612565445026178, 0.6363636363636364, 0.40782122905027934, 0.265625, 0.3106796116504854, 0.3435897435897436, 0.3230769230769231, 0.3026315789473684, 0.4623115577889447, 0.5668202764976958]
['xalan_0.25_iP(50%)', 0.4766355140186916, 0.39896373056994816, 0.4291845493562232, 0.2554347826086957, 0.41509433962264153, 0.31627906976744186, 0.3974358974358974, 0.35714285714285715, 0.31601731601731603, 0.29850746268656714, 0.2648401826484018, 0.43902439024390244]
['xalan_0.25_iP(75%)', 0.36597938144329895, 0.39622641509433965, 0.38308457711442784, 0.1165644171779141, 0.29891304347826086, 0.21782178217821782, 0.41708542713567837, 0.34536082474226804, 0.2876712328767123, 0.3155339805825243, 0.2765957446808511, 0.3864734299516908]
['xalan_0.5_iP(25%)', 0.2131979695431472, 0.5129310344827587, 0.3063063063063063, 0.22705314009661837, 0.39901477832512317, 0.20918367346938777, 0.3274336283185841, 0.26, 0.28431372549019607, 0.4230769230769231, 0.24096385542168675, 0.5166666666666667]
['xalan_0.5_iP(50%)', 0.28865979381443296, 0.5025641025641026, 0.3835616438356164, 0.2864864864864865, 0.3053097345132743, 0.47150259067357514, 0.32242990654205606, 0.21105527638190955, 0.3872549019607843, 0.2398190045248869, 0.46511627906976744, 0.3004694835680751]
['xalan_0.5_iP(75%)', 0.43601895734597157, 0.31718061674008813, 0.4039408866995074, 0.30851063829787234, 0.424390243902439, 0.41743119266055045, 0.3489583333333333, 0.41743119266055045, 0.3244444444444444, 0.28, 0.3920704845814978, 0.36486486486486486]
['xalan_0.75_iP(25%)', 0.4824120603015075, 0.39195979899497485, 0.3380952380952381, 0.6766169154228856, 0.30049261083743845, 0.5906735751295337, 0.3130841121495327, 0.1782178217821782, 0.3956043956043956, 0.325, 0.43147208121827413, 0.22274881516587677]
['xalan_0.75_iP(50%)', 0.4152542372881356, 0.35294117647058826, 0.42727272727272725, 0.17592592592592593, 0.3956043956043956, 0.2122905027932961, 0.5485436893203883, 0.4186046511627907, 0.36036036036036034, 0.34299516908212563, 0.30256410256410254, 0.47417840375586856]
['xalan_0.75_iP(75%)', 0.3142857142857143, 0.2932692307692308, 0.44144144144144143, 0.39408866995073893, 0.16243654822335024, 0.2850678733031674, 0.2631578947368421, 0.5029940119760479, 0.30917874396135264, 0.3163265306122449, 0.26666666666666666, 0.25462962962962965]
