['xerces_Base', 0.10416666666666667, 0.0821917808219178, 0.10606060606060606, 0.06666666666666667, 0.058823529411764705, 0.06666666666666667, 0.06428571428571428, 0.09933774834437085, 0.05343511450381679, 0.11594202898550725, 0.057971014492753624, 0.031746031746031744, 0.043478260869565216, 0.058823529411764705, 0.05673758865248227, 0.07042253521126761, 0.022727272727272728, 0.031746031746031744, 0.08108108108108109, 0.11643835616438356, 0.1419753086419753, 0.023809523809523808, 0.0703125, 0.11724137931034483]
['xerces_0.25', 0.13385826771653545, 0.04861111111111111, 0.16901408450704225, 0.14788732394366197, 0.07936507936507936, 0.15714285714285714, 0.08823529411764706, 0.1267605633802817, 0.088, 0.19718309859154928, 0.1830065359477124, 0.18493150684931506, 0.1875, 0.09154929577464789, 0.16546762589928057, 0.08860759493670886, 0.08571428571428572, 0.2534246575342466, 0.12413793103448276, 0.08823529411764706, 0.14084507042253522, 0.13333333333333333, 0.18072289156626506, 0.07432432432432433]
['xerces_0.5', 0.14728682170542637, 0.20567375886524822, 0.21875, 0.31788079470198677, 0.3617021276595745, 0.14788732394366197, 0.13157894736842105, 0.1956521739130435, 0.12413793103448276, 0.10638297872340426, 0.18309859154929578, 0.08695652173913043, 0.13725490196078433, 0.3741496598639456, 0.1366906474820144, 0.23741007194244604, 0.2014388489208633, 0.1484375, 0.272108843537415, 0.18633540372670807, 0.16176470588235295, 0.18452380952380953, 0.381294964028777, 0.32413793103448274]
['xerces_0.75', 0.6524822695035462, 0.44666666666666666, 0.34814814814814815, 0.4722222222222222, 0.2805755395683453, 0.3111111111111111, 0.2937062937062937, 0.4307692307692308, 0.43902439024390244, 0.43661971830985913, 0.11409395973154363, 0.4573643410852713, 0.37857142857142856, 0.2867647058823529, 0.23880597014925373, 0.45806451612903226, 0.21794871794871795, 0.2097902097902098, 0.27007299270072993, 0.49206349206349204, 0.3221476510067114, 0.5072463768115942, 0.32592592592592595, 0.45185185185185184]
['xerces_0.25_w', 0.1897810218978102, 0.15079365079365079, 0.11764705882352941, 0.06349206349206349, 0.09923664122137404, 0.13333333333333333, 0.08888888888888889, 0.12738853503184713, 0.11728395061728394, 0.06153846153846154, 0.13725490196078433, 0.05714285714285714, 0.0948905109489051, 0.11564625850340136, 0.20512820512820512, 0.19424460431654678, 0.1111111111111111, 0.09701492537313433, 0.09655172413793103, 0.12949640287769784, 0.17164179104477612, 0.06206896551724138, 0.12318840579710146, 0.06818181818181818]
['xerces_0.5_w', 0.22794117647058823, 0.3525641025641026, 0.4594594594594595, 0.1836734693877551, 0.2028985507246377, 0.1386861313868613, 0.11428571428571428, 0.20422535211267606, 0.2953020134228188, 0.10483870967741936, 0.18604651162790697, 0.38461538461538464, 0.18699186991869918, 0.1937984496124031, 0.16883116883116883, 0.10869565217391304, 0.11764705882352941, 0.15328467153284672, 0.06756756756756757, 0.08396946564885496, 0.19310344827586207, 0.18604651162790697, 0.23846153846153847, 0.3609022556390977]
['xerces_0.75_w', 0.3188405797101449, 0.31333333333333335, 0.3469387755102041, 0.2, 0.44881889763779526, 0.2679738562091503, 0.1625, 0.3233082706766917, 0.2695035460992908, 0.6225165562913907, 0.34507042253521125, 0.19285714285714287, 0.5873015873015873, 0.35185185185185186, 0.3722627737226277, 0.37748344370860926, 0.37333333333333335, 0.09701492537313433, 0.4513888888888889, 0.5517241379310345, 0.2706766917293233, 0.4097222222222222, 0.4666666666666667, 0.3333333333333333]
['xerces_0.25_w_iP(50%)', 0.12582781456953643, 0.1323529411764706, 0.08461538461538462, 0.09859154929577464, 0.14965986394557823, 0.2191780821917808, 0.1366906474820144, 0.18110236220472442, 0.18382352941176472, 0.08024691358024691, 0.21621621621621623, 0.08333333333333333, 0.09259259259259259, 0.12162162162162163, 0.16058394160583941, 0.09848484848484848, 0.15384615384615385, 0.08823529411764706, 0.11267605633802817, 0.06521739130434782, 0.14189189189189189, 0.17333333333333334, 0.1267605633802817, 0.14556962025316456]
['xerces_0.5_w_iP(50%)', 0.12, 0.14285714285714285, 0.1554054054054054, 0.10810810810810811, 0.1223021582733813, 0.14285714285714285, 0.12056737588652482, 0.273972602739726, 0.10457516339869281, 0.11538461538461539, 0.07692307692307693, 0.2248062015503876, 0.24060150375939848, 0.1858974358974359, 0.17197452229299362, 0.11258278145695365, 0.12056737588652482, 0.2535211267605634, 0.17886178861788618, 0.32298136645962733, 0.1794871794871795, 0.1171875, 0.22962962962962963, 0.14285714285714285]
['xerces_0.75_w_iP(50%)', 0.3082706766917293, 0.4714285714285714, 0.762962962962963, 0.11971830985915492, 0.35, 0.5396825396825397, 0.3228346456692913, 0.2361111111111111, 0.16666666666666666, 0.5608108108108109, 0.32413793103448274, 0.3435114503816794, 0.5454545454545454, 0.553030303030303, 0.19607843137254902, 0.2013888888888889, 0.2671232876712329, 0.35766423357664234, 0.17123287671232876, 0.35074626865671643, 0.32608695652173914, 0.37857142857142856, 0.358974358974359, 0.41911764705882354]
