['xerces_Base', 0.10191082802547771, 0.265, 0.22395833333333334, 0.31683168316831684, 0.2214765100671141, 0.19298245614035087, 0.23595505617977527, 0.2647058823529412, 0.2838427947598253, 0.23030303030303031, 0.18274111675126903, 0.24120603015075376]
['xerces_0.25', 0.463768115942029, 0.4205128205128205, 0.21142857142857144, 0.28865979381443296, 0.41954022988505746, 0.31862745098039214, 0.44, 0.46, 0.10734463276836158, 0.1625, 0.3253588516746411, 0.44692737430167595]
['xerces_0.5', 0.25735294117647056, 0.32222222222222224, 0.1952662721893491, 0.34196891191709844, 0.3872832369942196, 0.44171779141104295, 0.6551724137931034, 0.4294478527607362, 0.29, 0.5706214689265536, 0.3023255813953488, 0.4246575342465753]
['xerces_0.75', 0.27979274611398963, 0.6512820512820513, 0.5260416666666666, 0.19138755980861244, 0.3675675675675676, 0.445859872611465, 0.4887640449438202, 0.5086705202312138, 0.34831460674157305, 0.5588235294117647, 0.44502617801047123, 0.4207650273224044]
['xerces_0.25_w', 0.3493975903614458, 0.30177514792899407, 0.31088082901554404, 0.3870967741935484, 0.15979381443298968, 0.23853211009174313, 0.32786885245901637, 0.38974358974358975, 0.2561576354679803, 0.4444444444444444, 0.16939890710382513, 0.365]
['xerces_0.5_w', 0.2857142857142857, 0.5135135135135135, 0.35096153846153844, 0.271356783919598, 0.2331288343558282, 0.43137254901960786, 0.2857142857142857, 0.2916666666666667, 0.40404040404040403, 0.4090909090909091, 0.2905027932960894, 0.42990654205607476]
['xerces_0.75_w', 0.19411764705882353, 0.37745098039215685, 0.43781094527363185, 0.41830065359477125, 0.6010362694300518, 0.34673366834170855, 0.42857142857142855, 0.11688311688311688, 0.475, 0.6280487804878049, 0.21354166666666666, 0.35403726708074534]
['xerces_0.25_w_iP(25%)', 0.36666666666666664, 0.21621621621621623, 0.4307692307692308, 0.39759036144578314, 0.33157894736842103, 0.3068181818181818, 0.2552083333333333, 0.3444976076555024, 0.12727272727272726, 0.2955665024630542, 0.23118279569892472, 0.29310344827586204]
['xerces_0.25_w_iP(50%)', 0.19696969696969696, 0.19801980198019803, 0.4140127388535032, 0.2623762376237624, 0.32947976878612717, 0.19540229885057472, 0.3583815028901734, 0.14619883040935672, 0.3146067415730337, 0.21465968586387435, 0.3350253807106599, 0.2670157068062827]
['xerces_0.25_w_iP(75%)', 0.3502824858757062, 0.33112582781456956, 0.25170068027210885, 0.3699421965317919, 0.27956989247311825, 0.47368421052631576, 0.25, 0.37572254335260113, 0.2655367231638418, 0.35638297872340424, 0.2857142857142857, 0.5125628140703518]
['xerces_0.5_w_iP(25%)', 0.3142857142857143, 0.19138755980861244, 0.4223300970873786, 0.29213483146067415, 0.6708074534161491, 0.43548387096774194, 0.30808080808080807, 0.3151515151515151, 0.36813186813186816, 0.3738738738738739, 0.25, 0.295]
['xerces_0.5_w_iP(50%)', 0.4271356783919598, 0.39204545454545453, 0.205, 0.4470588235294118, 0.2676056338028169, 0.21910112359550563, 0.32, 0.4716981132075472, 0.34104046242774566, 0.3333333333333333, 0.29120879120879123, 0.43373493975903615]
['xerces_0.5_w_iP(75%)', 0.3709677419354839, 0.23636363636363636, 0.3563218390804598, 0.3567567567567568, 0.6271186440677966, 0.41708542713567837, 0.4166666666666667, 0.3458646616541353, 0.5294117647058824, 0.7134831460674157, 0.430939226519337, 0.43601895734597157]
['xerces_0.75_w_iP(25%)', 0.31097560975609756, 0.5238095238095238, 0.3546511627906977, 0.3368421052631579, 0.4791666666666667, 0.35555555555555557, 0.2994011976047904, 0.4918918918918919, 0.25, 0.4731182795698925, 0.31666666666666665, 0.2694610778443114]
['xerces_0.75_w_iP(50%)', 0.22598870056497175, 0.6130653266331658, 0.700507614213198, 0.42162162162162165, 0.7202380952380952, 0.26666666666666666, 0.592814371257485, 0.400990099009901, 0.3253588516746411, 0.3492822966507177, 0.43283582089552236, 0.592391304347826]
['xerces_0.75_w_iP(75%)', 0.4918918918918919, 0.3402061855670103, 0.20105820105820105, 0.4835680751173709, 0.6736842105263158, 0.5233160621761658, 0.5161290322580645, 0.28061224489795916, 0.26, 0.4444444444444444, 0.3020833333333333, 0.7486910994764397]
['xerces_0.25_iP(25%)', 0.1782178217821782, 0.26540284360189575, 0.28160919540229884, 0.23783783783783785, 0.16265060240963855, 0.215311004784689, 0.3253012048192771, 0.1497005988023952, 0.37988826815642457, 0.23243243243243245, 0.3532110091743119, 0.20958083832335328]
['xerces_0.25_iP(50%)', 0.2961165048543689, 0.3425414364640884, 0.22727272727272727, 0.1778846153846154, 0.32338308457711445, 0.10778443113772455, 0.1751412429378531, 0.4293785310734463, 0.23958333333333334, 0.3806818181818182, 0.3103448275862069, 0.2247191011235955]
['xerces_0.25_iP(75%)', 0.3225806451612903, 0.22988505747126436, 0.29213483146067415, 0.5141242937853108, 0.38372093023255816, 0.2064516129032258, 0.34806629834254144, 0.44545454545454544, 0.3484848484848485, 0.21714285714285714, 0.5260416666666666, 0.13756613756613756]
['xerces_0.5_iP(25%)', 0.2810810810810811, 0.2916666666666667, 0.35978835978835977, 0.4411764705882353, 0.3539325842696629, 0.33649289099526064, 0.28921568627450983, 0.3853658536585366, 0.32386363636363635, 0.3858695652173913, 0.3411214953271028, 0.1853932584269663]
['xerces_0.5_iP(50%)', 0.37888198757763975, 0.4083769633507853, 0.3385416666666667, 0.31213872832369943, 0.2832369942196532, 0.37373737373737376, 0.20320855614973263, 0.3407821229050279, 0.34065934065934067, 0.31413612565445026, 0.23316062176165803, 0.15483870967741936]
['xerces_0.5_iP(75%)', 0.42780748663101603, 0.31100478468899523, 0.31, 0.3609467455621302, 0.4340659340659341, 0.336734693877551, 0.44, 0.19653179190751446, 0.3050847457627119, 0.4303030303030303, 0.33505154639175255, 0.31666666666666665]
['xerces_0.75_iP(25%)', 0.2994350282485876, 0.3370165745856354, 0.5642458100558659, 0.36363636363636365, 0.43010752688172044, 0.45222929936305734, 0.5085714285714286, 0.4742268041237113, 0.367816091954023, 0.41578947368421054, 0.3235294117647059, 0.4444444444444444]
['xerces_0.75_iP(50%)', 0.2914285714285714, 0.27647058823529413, 0.25316455696202533, 0.3402061855670103, 0.3131868131868132, 0.6290322580645161, 0.30917874396135264, 0.3617021276595745, 0.24260355029585798, 0.5370370370370371, 0.2891566265060241, 0.2764976958525346]
['xerces_0.75_iP(75%)', 0.14678899082568808, 0.3891891891891892, 0.5027624309392266, 0.5913978494623656, 0.5714285714285714, 0.355, 0.4869109947643979, 0.3602150537634409, 0.35714285714285715, 0.6020408163265306, 0.22674418604651161, 0.33532934131736525]
