['xerces_Base', 0.18285714285714286, 0.2824074074074074, 0.16279069767441862, 0.2736842105263158, 0.21465968586387435, 0.2937853107344633, 0.16766467065868262, 0.3287671232876712, 0.3286384976525822, 0.22527472527472528, 0.3146067415730337, 0.28, 0.24390243902439024, 0.2254335260115607, 0.23225806451612904, 0.193717277486911, 0.3107344632768362, 0.24193548387096775, 0.4, 0.22388059701492538, 0.18229166666666666, 0.2807017543859649, 0.22564102564102564, 0.20930232558139536]
['xerces_0.25', 0.3597560975609756, 0.5, 0.26011560693641617, 0.2822085889570552, 0.2569832402234637, 0.1393939393939394, 0.4393939393939394, 0.3146067415730337, 0.35051546391752575, 0.30288461538461536, 0.14285714285714285, 0.4425287356321839, 0.5027322404371585, 0.3806818181818182, 0.3742690058479532, 0.32786885245901637, 0.29333333333333333, 0.22872340425531915, 0.33136094674556216, 0.3160621761658031, 0.39285714285714285, 0.5508982035928144, 0.3471502590673575, 0.6833333333333333]
['xerces_0.5', 0.3841059602649007, 0.463855421686747, 0.5795454545454546, 0.15606936416184972, 0.3933649289099526, 0.5102040816326531, 0.6432748538011696, 0.5414364640883977, 0.33490566037735847, 0.3286384976525822, 0.4861878453038674, 0.35384615384615387, 0.5433526011560693, 0.582010582010582, 0.07386363636363637, 0.5681818181818182, 0.6046511627906976, 0.5049019607843137, 0.4457831325301205, 0.5323383084577115, 0.4486486486486487, 0.5773809523809523, 0.1717171717171717, 0.5194174757281553]
['xerces_0.75', 0.26666666666666666, 0.30994152046783624, 0.5402843601895735, 0.5978260869565217, 0.4536082474226804, 0.38333333333333336, 0.21839080459770116, 0.34104046242774566, 0.7135416666666666, 0.3795620437956204, 0.7103825136612022, 0.32919254658385094, 0.28272251308900526, 0.4720812182741117, 0.4011627906976744, 0.6012658227848101, 0.6961325966850829, 0.43, 0.3604060913705584, 0.5819209039548022, 0.5423728813559322, 0.43670886075949367, 0.5857142857142857, 0.24736842105263157]
['xerces_0.25_w', 0.3391812865497076, 0.5476190476190477, 0.23636363636363636, 0.29651162790697677, 0.25, 0.5355191256830601, 0.35260115606936415, 0.4095744680851064, 0.12578616352201258, 0.35678391959798994, 0.22631578947368422, 0.35714285714285715, 0.5977653631284916, 0.41237113402061853, 0.5135135135135135, 0.27485380116959063, 0.4835164835164835, 0.36470588235294116, 0.2982456140350877, 0.45569620253164556, 0.42592592592592593, 0.43529411764705883, 0.27058823529411763, 0.3684210526315789]
['xerces_0.5_w', 0.4506172839506173, 0.35789473684210527, 0.2953020134228188, 0.4908256880733945, 0.3684210526315789, 0.3736842105263158, 0.4692737430167598, 0.3604060913705584, 0.5025380710659898, 0.3932038834951456, 0.45789473684210524, 0.31176470588235294, 0.5060240963855421, 0.4556213017751479, 0.5813953488372093, 0.25316455696202533, 0.5622119815668203, 0.296969696969697, 0.41203703703703703, 0.5628415300546448, 0.4742268041237113, 0.49101796407185627, 0.18452380952380953, 0.32335329341317365]
['xerces_0.75_w', 0.21951219512195122, 0.6057692307692307, 0.32894736842105265, 0.5269461077844312, 0.4787234042553192, 0.281767955801105, 0.5208333333333334, 0.5372340425531915, 0.3055555555555556, 0.42953020134228187, 0.18421052631578946, 0.43478260869565216, 0.6021505376344086, 0.4375, 0.5308641975308642, 0.4777777777777778, 0.6298701298701299, 0.47393364928909953, 0.36416184971098264, 0.504950495049505, 0.3163841807909605, 0.23684210526315788, 0.24861878453038674, 0.5660377358490566]
['xerces_0.25_w_iP(50%)', 0.31351351351351353, 0.32524271844660196, 0.6348314606741573, 0.19375, 0.4581005586592179, 0.33516483516483514, 0.21693121693121692, 0.26256983240223464, 0.3247422680412371, 0.23668639053254437, 0.367816091954023, 0.4927536231884058, 0.15384615384615385, 0.43243243243243246, 0.40229885057471265, 0.34806629834254144, 0.19101123595505617, 0.3869346733668342, 0.22727272727272727, 0.1242603550295858, 0.27167630057803466, 0.49214659685863876, 0.3333333333333333, 0.2879581151832461]
['xerces_0.5_w_iP(50%)', 0.27071823204419887, 0.2085889570552147, 0.16167664670658682, 0.3076923076923077, 0.39766081871345027, 0.2484076433121019, 0.3005464480874317, 0.2616279069767442, 0.4433497536945813, 0.30601092896174864, 0.35406698564593303, 0.43137254901960786, 0.33513513513513515, 0.25142857142857145, 0.3149171270718232, 0.47096774193548385, 0.4519774011299435, 0.3333333333333333, 0.29411764705882354, 0.45789473684210524, 0.21468926553672316, 0.26732673267326734, 0.22564102564102564, 0.4782608695652174]
['xerces_0.75_w_iP(50%)', 0.6167664670658682, 0.46842105263157896, 0.5614973262032086, 0.5803108808290155, 0.2392638036809816, 0.30128205128205127, 0.3930635838150289, 0.28488372093023256, 0.3582089552238806, 0.3, 0.3300970873786408, 0.3503184713375796, 0.6608187134502924, 0.4072164948453608, 0.44878048780487806, 0.39204545454545453, 0.43, 0.3488372093023256, 0.3977272727272727, 0.5567010309278351, 0.36363636363636365, 0.24607329842931938, 0.3882978723404255, 0.3488372093023256]
