['ant, Baseline', -0.03296703296703297, -0.023529411764705882, -0.023529411764705882, -0.023529411764705882, -0.023529411764705882, -0.023529411764705882, -0.023529411764705882, -0.023529411764705882, -0.023529411764705882, -0.023529411764705882, -0.023529411764705882, -0.03296703296703297, -0.023529411764705882, -0.023529411764705882, -0.023529411764705882, -0.023529411764705882, -0.03296703296703297, -0.023529411764705882, -0.023529411764705882, -0.023529411764705882, -0.023529411764705882, -0.03296703296703297, -0.03296703296703297, -0.023529411764705882]
['ant, 0.25', -0.02197802197802198, -0.03529411764705882, -0.04395604395604396, -0.03529411764705882, -0.07058823529411765, -0.023529411764705882, 0.0, -0.023529411764705882, -0.02197802197802198, -0.047058823529411764, -0.023529411764705882, -0.023529411764705882, -0.023529411764705882, -0.03529411764705882, -0.023529411764705882, -0.02197802197802198, -0.023529411764705882, -0.023529411764705882, -0.047058823529411764, -0.023529411764705882, -0.023529411764705882, -0.03529411764705882, -0.02197802197802198, -0.03529411764705882]
['ant, 0.5', -0.047058823529411764, 0.0, -0.011764705882352941, -0.03529411764705882, 0.0, -0.02197802197802198, -0.058823529411764705, -0.03529411764705882, 0.0, -0.08235294117647059, -0.03529411764705882, 0.0, -0.02197802197802198, 0.0, -0.011764705882352941, -0.011764705882352941, -0.03529411764705882, -0.03529411764705882, 0.0, -0.03529411764705882, -0.16483516483516483, 0.0, -0.03529411764705882, -0.047058823529411764]
['ant, 0.75', -0.3411764705882353, 0.0, -0.023529411764705882, -0.047058823529411764, -0.011764705882352941, -0.17647058823529413, 0.0, -0.04395604395604396, -0.011764705882352941, -0.04395604395604396, -0.03296703296703297, -0.03529411764705882, 0.0, -0.17647058823529413, -0.15294117647058825, -0.011764705882352941, 0.0, -0.03529411764705882, 0.0, -0.011764705882352941, -0.08235294117647059, -0.011764705882352941, 0.0, -0.25274725274725274]
['ant, 0.25, weight', -0.023529411764705882, -0.023529411764705882, -0.03296703296703297, -0.03529411764705882, -0.03296703296703297, -0.03529411764705882, -0.03296703296703297, -0.023529411764705882, -0.03296703296703297, -0.023529411764705882, -0.02197802197802198, -0.023529411764705882, -0.03529411764705882, -0.03296703296703297, -0.023529411764705882, -0.03296703296703297, -0.023529411764705882, -0.03529411764705882, -0.02197802197802198, -0.03529411764705882, -0.023529411764705882, -0.02197802197802198, -0.02197802197802198, -0.023529411764705882]
['ant, 0.5, weight', 0.0, -0.03529411764705882, 0.0, -0.023529411764705882, -0.02197802197802198, -0.02197802197802198, -0.11764705882352941, -0.047058823529411764, -0.03529411764705882, -0.023529411764705882, -0.21978021978021978, -0.023529411764705882, -0.09411764705882353, 0.0, -0.023529411764705882, -0.01098901098901099, 0.0, 0.0, -0.011764705882352941, -0.02197802197802198, -0.01098901098901099, 0.0, 0.0, -0.32941176470588235]
['ant, 0.75, weight', -0.023529411764705882, 0.0, -0.011764705882352941, -0.02197802197802198, 0.0, -0.01098901098901099, -0.023529411764705882, 0.0, -0.011764705882352941, -0.011764705882352941, -0.03529411764705882, 0.0, 0.0, 0.0, -0.03529411764705882, 0.0, 0.0, -0.011764705882352941, 0.0, 0.0, -0.011764705882352941, -0.023529411764705882, -0.023529411764705882, -0.058823529411764705]
['ant, 0.25, weight, iP= 50\\%', -0.02197802197802198, -0.03529411764705882, -0.023529411764705882, -0.07058823529411765, -0.08235294117647059, -0.023529411764705882, -0.03529411764705882, -0.03296703296703297, -0.023529411764705882, -0.023529411764705882, -0.023529411764705882, -0.04395604395604396, 0.0, -0.02197802197802198, -0.058823529411764705, -0.03529411764705882, -0.023529411764705882, -0.023529411764705882, -0.054945054945054944, -0.023529411764705882, -0.011764705882352941, -0.023529411764705882, -0.023529411764705882, -0.02197802197802198]
['ant, 0.5, weight, iP= 50\\%', 0.0, -0.023529411764705882, -0.011764705882352941, 0.0, -0.047058823529411764, 0.0, -0.054945054945054944, -0.023529411764705882, 0.0, -0.011764705882352941, -0.03529411764705882, -0.058823529411764705, -0.023529411764705882, -0.023529411764705882, -0.01098901098901099, -0.023529411764705882, 0.0, -0.02197802197802198, 0.0, 0.0, -0.011764705882352941, -0.02197802197802198, 0.0, -0.02197802197802198]
['ant, 0.75, weight, iP= 50\\%', -0.03529411764705882, -0.26373626373626374, -0.0989010989010989, 0.0, 0.0, 0.0, -0.04395604395604396, -0.023529411764705882, 0.0, -0.03296703296703297, -0.01098901098901099, -0.023529411764705882, 0.0, -0.023529411764705882, -0.01098901098901099, 0.0, 0.0, 0.0, -0.023529411764705882, 0.0, -0.01098901098901099, -0.011764705882352941, -0.047058823529411764, -0.02197802197802198]
