['ant_Base', 0.13402061855670103, 0.10526315789473684, 0.14285714285714285, 0.10526315789473684, 0.14285714285714285, 0.14285714285714285, 0.13402061855670103, 0.14285714285714285, 0.10526315789473684, 0.10526315789473684, 0.10526315789473684, 0.10526315789473684, 0.14285714285714285, 0.10526315789473684, 0.13402061855670103, 0.14285714285714285, 0.10526315789473684, 0.10526315789473684, 0.10526315789473684, 0.14285714285714285, 0.10526315789473684, 0.14285714285714285, 0.10526315789473684, 0.14285714285714285]
['ant_0.25', 0.32989690721649484, 0.29591836734693877, 0.25263157894736843, 0.22105263157894736, 0.24210526315789474, 0.29473684210526313, 0.3673469387755102, 0.24210526315789474, 0.24210526315789474, 0.3473684210526316, 0.30927835051546393, 0.2631578947368421, 0.36082474226804123, 0.23157894736842105, 0.3673469387755102, 0.29473684210526313, 0.3469387755102041, 0.2755102040816326, 0.32653061224489793, 0.2, 0.25263157894736843, 0.41836734693877553, 0.3157894736842105, 0.32653061224489793]
['ant_0.5', 0.41836734693877553, 0.37894736842105264, 0.47368421052631576, 0.3263157894736842, 0.30612244897959184, 0.42857142857142855, 0.3894736842105263, 0.4020618556701031, 0.4842105263157895, 0.37894736842105264, 0.5714285714285714, 0.35789473684210527, 0.4897959183673469, 0.37755102040816324, 0.47368421052631576, 0.2736842105263158, 0.4631578947368421, 0.32653061224489793, 0.45263157894736844, 0.5773195876288659, 0.6632653061224489, 0.3402061855670103, 0.42857142857142855, 0.4897959183673469]
['ant_0.75', 0.6938775510204082, 0.5684210526315789, 0.6288659793814433, 0.7473684210526316, 0.673469387755102, 0.6530612244897959, 0.6947368421052632, 0.6530612244897959, 0.5979381443298969, 0.6736842105263158, 0.5263157894736842, 0.6, 0.6122448979591837, 0.5816326530612245, 0.6, 0.6326530612244898, 0.45918367346938777, 0.5894736842105263, 0.4897959183673469, 0.7755102040816326, 0.5876288659793815, 0.6701030927835051, 0.6326530612244898, 0.7216494845360825]
['ant_0.25_w', 0.25263157894736843, 0.29473684210526313, 0.29591836734693877, 0.22105263157894736, 0.3673469387755102, 0.3163265306122449, 0.31958762886597936, 0.2755102040816326, 0.2631578947368421, 0.32653061224489793, 0.28421052631578947, 0.3469387755102041, 0.29896907216494845, 0.37755102040816324, 0.29591836734693877, 0.24210526315789474, 0.3979591836734694, 0.2631578947368421, 0.28421052631578947, 0.24210526315789474, 0.22448979591836735, 0.3979591836734694, 0.336734693877551, 0.24489795918367346]
['ant_0.5_w', 0.29896907216494845, 0.5052631578947369, 0.47959183673469385, 0.45918367346938777, 0.4421052631578947, 0.4329896907216495, 0.49473684210526314, 0.22105263157894736, 0.3684210526315789, 0.5816326530612245, 0.37894736842105264, 0.3894736842105263, 0.41836734693877553, 0.29473684210526313, 0.4105263157894737, 0.4948453608247423, 0.5204081632653061, 0.5, 0.41836734693877553, 0.4842105263157895, 0.40816326530612246, 0.23469387755102042, 0.5368421052631579, 0.42105263157894735]
['ant_0.75_w', 0.7473684210526316, 0.6938775510204082, 0.4631578947368421, 0.5, 0.6421052631578947, 0.5473684210526316, 0.5684210526315789, 0.6836734693877551, 0.7157894736842105, 0.4489795918367347, 0.45263157894736844, 0.7244897959183674, 0.6947368421052632, 0.46938775510204084, 0.7142857142857143, 0.5979381443298969, 0.7040816326530612, 0.8041237113402062, 0.7052631578947368, 0.5157894736842106, 0.5894736842105263, 0.6421052631578947, 0.4948453608247423, 0.5263157894736842]
['ant_0.25_w_iP(50%)', 0.15463917525773196, 0.14736842105263157, 0.20408163265306123, 0.21649484536082475, 0.18556701030927836, 0.17894736842105263, 0.24210526315789474, 0.17346938775510204, 0.22105263157894736, 0.09473684210526316, 0.2, 0.24489795918367346, 0.15789473684210525, 0.2631578947368421, 0.20618556701030927, 0.16842105263157894, 0.1368421052631579, 0.17346938775510204, 0.18947368421052632, 0.1368421052631579, 0.21052631578947367, 0.21052631578947367, 0.24210526315789474, 0.21052631578947367]
['ant_0.5_w_iP(50%)', 0.23157894736842105, 0.28421052631578947, 0.19387755102040816, 0.2653061224489796, 0.3163265306122449, 0.23157894736842105, 0.17894736842105263, 0.17894736842105263, 0.22105263157894736, 0.2755102040816326, 0.27835051546391754, 0.29896907216494845, 0.30526315789473685, 0.17894736842105263, 0.2857142857142857, 0.2755102040816326, 0.25263157894736843, 0.19387755102040816, 0.3469387755102041, 0.3157894736842105, 0.22448979591836735, 0.22448979591836735, 0.2631578947368421, 0.24742268041237114]
['ant_0.75_w_iP(50%)', 0.422680412371134, 0.5157894736842106, 0.5368421052631579, 0.4387755102040816, 0.3877551020408163, 0.5, 0.42857142857142855, 0.45918367346938777, 0.24210526315789474, 0.4387755102040816, 0.4, 0.5473684210526316, 0.5102040816326531, 0.3368421052631579, 0.28421052631578947, 0.47959183673469385, 0.43157894736842106, 0.24210526315789474, 0.3894736842105263, 0.35714285714285715, 0.3469387755102041, 0.35051546391752575, 0.3877551020408163, 0.25773195876288657]
