['camel_Base', 0.12571428571428572, 0.15, 0.22119815668202766, 0.14942528735632185, 0.15, 0.15, 0.14942528735632185, 0.22119815668202766, 0.10050251256281408, 0.11330049261083744, 0.22119815668202766, 0.18095238095238095, 0.11330049261083744, 0.14942528735632185, 0.11822660098522167, 0.22119815668202766, 0.15, 0.18095238095238095, 0.14942528735632185, 0.10050251256281408, 0.10050251256281408, 0.15, 0.18095238095238095, 0.22119815668202766]
['camel_0.25', 0.2073732718894009, 0.17511520737327188, 0.1724137931034483, 0.15736040609137056, 0.2995391705069124, 0.30414746543778803, 0.16748768472906403, 0.18333333333333332, 0.25142857142857145, 0.1523809523809524, 0.13333333333333333, 0.2995391705069124, 0.1724137931034483, 0.14761904761904762, 0.17142857142857143, 0.11330049261083744, 0.2119815668202765, 0.08542713567839195, 0.1306532663316583, 0.1457286432160804, 0.2057142857142857, 0.17972350230414746, 0.20555555555555555, 0.17972350230414746]
['camel_0.5', 0.21904761904761905, 0.2562814070351759, 0.4425287356321839, 0.37142857142857144, 0.3275862068965517, 0.26436781609195403, 0.17142857142857143, 0.34444444444444444, 0.19047619047619047, 0.5111111111111111, 0.20555555555555555, 0.2833333333333333, 0.20100502512562815, 0.24571428571428572, 0.2073732718894009, 0.3, 0.3497536945812808, 0.3103448275862069, 0.21839080459770116, 0.20689655172413793, 0.32222222222222224, 0.21182266009852216, 0.22660098522167488, 0.3333333333333333]
['camel_0.75', 0.46551724137931033, 0.22777777777777777, 0.39655172413793105, 0.5376884422110553, 0.47738693467336685, 0.36666666666666664, 0.40555555555555556, 0.42528735632183906, 0.1523809523809524, 0.24120603015075376, 0.423963133640553, 0.45977011494252873, 0.3065326633165829, 0.5270935960591133, 0.41708542713567837, 0.20100502512562815, 0.3388888888888889, 0.22169811320754718, 0.5023041474654378, 0.21666666666666667, 0.4885057471264368, 0.3238095238095238, 0.5483870967741935, 0.42857142857142855]
['camel_0.25_w', 0.22380952380952382, 0.2, 0.10919540229885058, 0.2611111111111111, 0.1206896551724138, 0.24423963133640553, 0.16751269035532995, 0.15, 0.17050691244239632, 0.16666666666666666, 0.21904761904761905, 0.21714285714285714, 0.19523809523809524, 0.22777777777777777, 0.1206896551724138, 0.15270935960591134, 0.2, 0.2, 0.22777777777777777, 0.16666666666666666, 0.1889400921658986, 0.12060301507537688, 0.22413793103448276, 0.15714285714285714]
['camel_0.5_w', 0.2904761904761905, 0.20952380952380953, 0.1658291457286432, 0.21428571428571427, 0.3111111111111111, 0.4166666666666667, 0.271356783919598, 0.3870967741935484, 0.28160919540229884, 0.3, 0.24761904761904763, 0.2413793103448276, 0.4423963133640553, 0.3251231527093596, 0.22988505747126436, 0.14942528735632185, 0.22857142857142856, 0.4, 0.1708542713567839, 0.21839080459770116, 0.19815668202764977, 0.21839080459770116, 0.3045977011494253, 0.1813186813186813]
['camel_0.75_w', 0.3761904761904762, 0.3087557603686636, 0.27586206896551724, 0.5085714285714286, 0.3476190476190476, 0.55, 0.5459770114942529, 0.2714285714285714, 0.39655172413793105, 0.5428571428571428, 0.319047619047619, 0.3888888888888889, 0.3735632183908046, 0.4792626728110599, 0.7235023041474654, 0.3870967741935484, 0.6548223350253807, 0.40555555555555556, 0.34673366834170855, 0.22413793103448276, 0.4, 0.38571428571428573, 0.42857142857142855, 0.26857142857142857]
['camel_0.25_w_iP(50%)', 0.2222222222222222, 0.17714285714285713, 0.18433179723502305, 0.17142857142857143, 0.19444444444444445, 0.15, 0.2, 0.23857868020304568, 0.16666666666666666, 0.20114942528735633, 0.19597989949748743, 0.20689655172413793, 0.21428571428571427, 0.19523809523809524, 0.22110552763819097, 0.2857142857142857, 0.13333333333333333, 0.1921182266009852, 0.13793103448275862, 0.1761904761904762, 0.2903225806451613, 0.12, 0.25862068965517243, 0.24444444444444444]
['camel_0.5_w_iP(50%)', 0.3380952380952381, 0.2833333333333333, 0.25806451612903225, 0.3793103448275862, 0.29714285714285715, 0.22988505747126436, 0.27918781725888325, 0.270935960591133, 0.2722222222222222, 0.23618090452261306, 0.35555555555555557, 0.3218390804597701, 0.24630541871921183, 0.40555555555555556, 0.20689655172413793, 0.25142857142857145, 0.2777777777777778, 0.24623115577889448, 0.47701149425287354, 0.3620689655172414, 0.2512315270935961, 0.37222222222222223, 0.24761904761904763, 0.18571428571428572]
['camel_0.75_w_iP(50%)', 0.4729064039408867, 0.4057142857142857, 0.3640552995391705, 0.39408866995073893, 0.3111111111111111, 0.3, 0.5888888888888889, 0.39444444444444443, 0.3314285714285714, 0.36666666666666664, 0.3869346733668342, 0.2964824120603015, 0.44285714285714284, 0.45161290322580644, 0.32222222222222224, 0.5369458128078818, 0.4777777777777778, 0.4388888888888889, 0.41904761904761906, 0.391705069124424, 0.4523809523809524, 0.4666666666666667, 0.576036866359447, 0.45622119815668205]
