['camel, Baseline', -0.12307692307692308, -0.07692307692307693, -0.10747663551401869, -0.10328638497652583, -0.09178743961352658, -0.08962264150943396, -0.09433962264150944, -0.09433962264150944, -0.07692307692307693, -0.07692307692307693, -0.08962264150943396, -0.08962264150943396, -0.08962264150943396, -0.08962264150943396, -0.08962264150943396, -0.07511737089201878, -0.07981220657276995, -0.08962264150943396, -0.07981220657276995, -0.09852216748768473, -0.08962264150943396, -0.08962264150943396, -0.08962264150943396, -0.09433962264150944]
['camel, 0.25', -0.03286384976525822, -0.020100502512562814, -0.11320754716981132, -0.02830188679245283, -0.05188679245283019, -0.11557788944723618, -0.018867924528301886, -0.018867924528301886, -0.02512562814070352, -0.010256410256410256, -0.014150943396226415, -0.07179487179487179, -0.020512820512820513, -0.010256410256410256, -0.02336448598130841, -0.02358490566037736, -0.015384615384615385, -0.005025125628140704, -0.014150943396226415, -0.04716981132075472, 0.0, -0.06030150753768844, -0.015384615384615385, -0.054187192118226604]
['camel, 0.5', -0.04245283018867924, -0.019417475728155338, -0.046153846153846156, -0.023474178403755867, -0.03015075376884422, -0.1179245283018868, -0.14285714285714285, -0.010256410256410256, -0.13333333333333333, -0.014150943396226415, -0.02358490566037736, -0.010050251256281407, 0.0, -0.019417475728155338, -0.06565656565656566, -0.009433962264150943, -0.046153846153846156, -0.010256410256410256, -0.046948356807511735, -0.02358490566037736, -0.05660377358490566, 0.0, -0.2358490566037736, -0.054187192118226604]
['camel, 0.75', -0.005025125628140704, -0.010050251256281407, -0.07547169811320754, -0.08374384236453201, -0.07547169811320754, -0.22641509433962265, -0.09230769230769231, -0.03076923076923077, -0.08490566037735849, -0.04926108374384237, 0.0, -0.009433962264150943, -0.07042253521126761, -0.020100502512562814, -0.01507537688442211, -0.014150943396226415, -0.057692307692307696, -0.015384615384615385, -0.1076923076923077, -0.18461538461538463, -0.02564102564102564, -0.08374384236453201, -0.10050251256281408, -0.005128205128205128]
['camel, 0.25, weight', -0.03076923076923077, -0.019417475728155338, -0.0330188679245283, -0.12264150943396226, -0.02564102564102564, -0.010256410256410256, -0.020100502512562814, -0.03535353535353535, -0.014150943396226415, -0.0330188679245283, -0.01507537688442211, -0.02830188679245283, -0.015384615384615385, -0.0047169811320754715, -0.041025641025641026, -0.02564102564102564, -0.07075471698113207, -0.014150943396226415, -0.03902439024390244, -0.02830188679245283, -0.009433962264150943, -0.009389671361502348, -0.034482758620689655, -0.009852216748768473]
['camel, 0.5, weight', -0.03535353535353535, -0.009433962264150943, -0.009433962264150943, -0.03076923076923077, -0.10552763819095477, -0.14553990610328638, -0.0047169811320754715, -0.010256410256410256, -0.04020100502512563, -0.02830188679245283, -0.05641025641025641, -0.023696682464454975, -0.02358490566037736, -0.015384615384615385, -0.018867924528301886, -0.009433962264150943, -0.0625, -0.05660377358490566, -0.035175879396984924, -0.06132075471698113, -0.23115577889447236, -0.02358490566037736, 0.0, -0.035897435897435895]
['camel, 0.75, weight', -0.05128205128205128, -0.02512562814070352, -0.07547169811320754, -0.010256410256410256, -0.05660377358490566, -0.14553990610328638, -0.04245283018867924, 0.0, -0.005025125628140704, -0.020100502512562814, 0.0, -0.05128205128205128, -0.02358490566037736, -0.015384615384615385, -0.035897435897435895, -0.010256410256410256, -0.02564102564102564, -0.08205128205128205, -0.02336448598130841, -0.02564102564102564, -0.10552763819095477, -0.24056603773584906, -0.035897435897435895, -0.035897435897435895]
['camel, 0.25, weight, iP= 50\\%', -0.0660377358490566, -0.06153846153846154, -0.03015075376884422, -0.046153846153846156, -0.029556650246305417, -0.06532663316582915, -0.09547738693467336, -0.13679245283018868, -0.019704433497536946, -0.04245283018867924, -0.06666666666666667, -0.0330188679245283, -0.010256410256410256, -0.028169014084507043, -0.08653846153846154, -0.08018867924528301, -0.07075471698113207, -0.06403940886699508, -0.04020100502512563, -0.1457286432160804, -0.1179245283018868, -0.12307692307692308, -0.06572769953051644, -0.01507537688442211]
['camel, 0.5, weight, iP= 50\\%', -0.17435897435897435, -0.08490566037735849, -0.1282051282051282, -0.0330188679245283, -0.014778325123152709, -0.08490566037735849, -0.12807881773399016, -0.02564102564102564, -0.029556650246305417, -0.01507537688442211, -0.07547169811320754, -0.23113207547169812, -0.020512820512820513, -0.029556650246305417, -0.08205128205128205, -0.13846153846153847, -0.1076923076923077, -0.2028301886792453, -0.024630541871921183, -0.06796116504854369, -0.04522613065326633, -0.009433962264150943, -0.041025641025641026, -0.04716981132075472]
['camel, 0.75, weight, iP= 50\\%', -0.09230769230769231, -0.12206572769953052, -0.09230769230769231, -0.07692307692307693, -0.20512820512820512, -0.16923076923076924, -0.05641025641025641, -0.07881773399014778, -0.11320754716981132, -0.01507537688442211, -0.014150943396226415, -0.04716981132075472, -0.14871794871794872, -0.03902439024390244, -0.1179245283018868, -0.1641025641025641, -0.07075471698113207, -0.20754716981132076, -0.06153846153846154, -0.1282051282051282, -0.08490566037735849, -0.09813084112149532, -0.05853658536585366, -0.009433962264150943]
