['ivy_Base', 0.16363636363636364, 0.16363636363636364, 0.16363636363636364, 0.16363636363636364, 0.16363636363636364, 0.16363636363636364, 0.16363636363636364, 0.16363636363636364, 0.16363636363636364, 0.16363636363636364, 0.16363636363636364, 0.16363636363636364, 0.16363636363636364, 0.16363636363636364, 0.16363636363636364, 0.16363636363636364, 0.16363636363636364, 0.16363636363636364, 0.16363636363636364, 0.16363636363636364, 0.16363636363636364, 0.16363636363636364, 0.16363636363636364, 0.16363636363636364]
['ivy_0.25', 0.2, 0.2, 0.16363636363636364, 0.2727272727272727, 0.21818181818181817, 0.23636363636363636, 0.16363636363636364, 0.13725490196078433, 0.16363636363636364, 0.2, 0.16363636363636364, 0.2545454545454545, 0.1568627450980392, 0.09803921568627451, 0.18181818181818182, 0.18181818181818182, 0.21818181818181817, 0.14545454545454545, 0.18181818181818182, 0.21818181818181817, 0.16363636363636364, 0.16363636363636364, 0.14545454545454545, 0.16363636363636364]
['ivy_0.5', 0.32727272727272727, 0.2727272727272727, 0.38181818181818183, 0.3333333333333333, 0.2727272727272727, 0.23636363636363636, 0.41818181818181815, 0.45454545454545453, 0.34545454545454546, 0.2727272727272727, 0.2545454545454545, 0.45454545454545453, 0.27450980392156865, 0.34545454545454546, 0.38181818181818183, 0.32727272727272727, 0.3333333333333333, 0.4, 0.21568627450980393, 0.2727272727272727, 0.36363636363636365, 0.3090909090909091, 0.34545454545454546, 0.5272727272727272]
['ivy_0.75', 0.5818181818181818, 0.6727272727272727, 0.5636363636363636, 0.6545454545454545, 0.6363636363636364, 0.6545454545454545, 0.5818181818181818, 0.5686274509803921, 0.2727272727272727, 0.6363636363636364, 0.23529411764705882, 0.43636363636363634, 0.5454545454545454, 0.5454545454545454, 0.4727272727272727, 0.5272727272727272, 0.4727272727272727, 0.43636363636363634, 0.6545454545454545, 0.6078431372549019, 0.7272727272727273, 0.6, 0.5818181818181818, 0.6470588235294118]
['ivy_0.25_w', 0.2, 0.2, 0.18181818181818182, 0.2, 0.19607843137254902, 0.12727272727272726, 0.21568627450980393, 0.23636363636363636, 0.17647058823529413, 0.14545454545454545, 0.16363636363636364, 0.14545454545454545, 0.23636363636363636, 0.16363636363636364, 0.21818181818181817, 0.2, 0.14545454545454545, 0.2727272727272727, 0.09803921568627451, 0.21818181818181817, 0.11764705882352941, 0.2545454545454545, 0.16363636363636364, 0.2727272727272727]
['ivy_0.5_w', 0.32727272727272727, 0.38181818181818183, 0.38181818181818183, 0.4909090909090909, 0.32727272727272727, 0.36363636363636365, 0.4117647058823529, 0.4117647058823529, 0.2727272727272727, 0.23636363636363636, 0.38181818181818183, 0.4, 0.29411764705882354, 0.3137254901960784, 0.2727272727272727, 0.34545454545454546, 0.38181818181818183, 0.34545454545454546, 0.4, 0.2, 0.4, 0.41818181818181815, 0.27450980392156865, 0.37254901960784315]
['ivy_0.75_w', 0.7090909090909091, 0.6078431372549019, 0.6181818181818182, 0.5490196078431373, 0.4727272727272727, 0.5818181818181818, 0.5454545454545454, 0.6181818181818182, 0.5454545454545454, 0.5272727272727272, 0.6, 0.5818181818181818, 0.4727272727272727, 0.5490196078431373, 0.4909090909090909, 0.6545454545454545, 0.6, 0.6909090909090909, 0.21818181818181817, 0.5636363636363636, 0.5272727272727272, 0.5636363636363636, 0.41818181818181815, 0.38181818181818183]
['ivy_0.25_w_iP(50%)', 0.14545454545454545, 0.13725490196078433, 0.13725490196078433, 0.12727272727272726, 0.14545454545454545, 0.16363636363636364, 0.13725490196078433, 0.17647058823529413, 0.18181818181818182, 0.18181818181818182, 0.16363636363636364, 0.18181818181818182, 0.16363636363636364, 0.14545454545454545, 0.14545454545454545, 0.2, 0.18181818181818182, 0.10909090909090909, 0.12727272727272726, 0.1568627450980392, 0.12727272727272726, 0.17647058823529413, 0.14545454545454545, 0.14545454545454545]
['ivy_0.5_w_iP(50%)', 0.34545454545454546, 0.32727272727272727, 0.34545454545454546, 0.36363636363636365, 0.2727272727272727, 0.2549019607843137, 0.2727272727272727, 0.41818181818181815, 0.3333333333333333, 0.32727272727272727, 0.2549019607843137, 0.2, 0.16363636363636364, 0.13725490196078433, 0.23529411764705882, 0.2909090909090909, 0.3090909090909091, 0.2727272727272727, 0.2727272727272727, 0.21818181818181817, 0.2909090909090909, 0.2727272727272727, 0.3090909090909091, 0.38181818181818183]
['ivy_0.75_w_iP(50%)', 0.32727272727272727, 0.2727272727272727, 0.36363636363636365, 0.5272727272727272, 0.38181818181818183, 0.5454545454545454, 0.38181818181818183, 0.36363636363636365, 0.2545454545454545, 0.509090909090909, 0.4909090909090909, 0.32727272727272727, 0.509090909090909, 0.38181818181818183, 0.4, 0.3137254901960784, 0.2909090909090909, 0.39215686274509803, 0.2909090909090909, 0.36363636363636365, 0.5454545454545454, 0.36363636363636365, 0.41818181818181815, 0.43636363636363634]
