['ivy, Baseline', -0.16363636363636364, -0.16363636363636364, -0.17647058823529413, -0.16363636363636364, -0.16363636363636364, -0.16363636363636364, -0.17647058823529413, -0.16363636363636364, -0.16363636363636364, -0.16363636363636364, -0.17647058823529413, -0.16363636363636364, -0.16363636363636364, -0.16363636363636364, -0.16363636363636364, -0.16363636363636364, -0.16363636363636364, -0.16363636363636364, -0.16363636363636364, -0.16363636363636364, -0.17647058823529413, -0.16363636363636364, -0.16363636363636364, -0.16363636363636364]
['ivy, 0.25', -0.09803921568627451, -0.11764705882352941, -0.2, -0.09090909090909091, -0.2727272727272727, -0.18181818181818182, -0.16363636363636364, -0.11764705882352941, -0.23529411764705882, -0.18181818181818182, -0.11764705882352941, -0.1568627450980392, -0.2, -0.2, -0.12727272727272726, -0.16363636363636364, -0.2, -0.11764705882352941, -0.2, -0.14545454545454545, -0.10909090909090909, -0.2549019607843137, -0.18181818181818182, -0.2]
['ivy, 0.5', -0.21818181818181817, -0.21818181818181817, -0.4727272727272727, -0.21568627450980393, -0.2909090909090909, -0.14545454545454545, -0.27450980392156865, -0.2909090909090909, -0.18181818181818182, -0.3137254901960784, -0.14545454545454545, -0.16363636363636364, -0.18181818181818182, -0.3090909090909091, -0.3090909090909091, -0.19607843137254902, -0.2, -0.18181818181818182, -0.2, -0.23636363636363636, -0.23636363636363636, -0.18181818181818182, -0.14545454545454545, -0.3090909090909091]
['ivy, 0.75', -0.12727272727272726, -0.10909090909090909, -0.2727272727272727, -0.10909090909090909, -0.6, -0.12727272727272726, -0.0196078431372549, -0.10909090909090909, -0.7818181818181819, -0.2727272727272727, -0.6909090909090909, -0.2909090909090909, -0.16363636363636364, -0.2545454545454545, -0.38181818181818183, -0.11764705882352941, -0.7636363636363637, -0.0784313725490196, -0.4909090909090909, -0.10909090909090909, -0.36363636363636365, -0.2, -0.12727272727272726, -0.12727272727272726]
['ivy, 0.25, weight', -0.12727272727272726, -0.2, -0.09090909090909091, -0.29411764705882354, -0.11764705882352941, -0.12727272727272726, -0.12727272727272726, -0.14545454545454545, -0.16363636363636364, -0.12727272727272726, -0.18181818181818182, -0.09090909090909091, -0.10909090909090909, -0.21818181818181817, -0.11764705882352941, -0.09090909090909091, -0.17647058823529413, -0.2, -0.18181818181818182, -0.14545454545454545, -0.11764705882352941, -0.12727272727272726, -0.10909090909090909, -0.14545454545454545]
['ivy, 0.5, weight', -0.16363636363636364, -0.14545454545454545, -0.14545454545454545, -0.05454545454545454, -0.2909090909090909, -0.18181818181818182, -0.2909090909090909, -0.3090909090909091, -0.3090909090909091, -0.3090909090909091, -0.23636363636363636, -0.16363636363636364, -0.03636363636363636, -0.2909090909090909, -0.19607843137254902, -0.14545454545454545, -0.1568627450980392, -0.18181818181818182, -0.2, -0.2, -0.2, -0.2, -0.23636363636363636, -0.14545454545454545]
['ivy, 0.75, weight', -0.5636363636363636, -0.2545454545454545, -0.34545454545454546, -0.8, -0.36363636363636365, -0.16363636363636364, -0.2545454545454545, -0.11764705882352941, -0.2, -0.5818181818181818, -0.2545454545454545, -0.6, -0.10909090909090909, -0.0784313725490196, -0.6078431372549019, -0.11764705882352941, -0.10909090909090909, -0.2, -0.2, -0.21818181818181817, -0.4, -0.2, -0.18181818181818182, -0.9411764705882353]
['ivy, 0.25, weight, iP= 50\\%', -0.2, -0.09090909090909091, -0.2, -0.12727272727272726, -0.13725490196078433, -0.12727272727272726, -0.16363636363636364, -0.2, -0.2, -0.14545454545454545, -0.2, -0.09090909090909091, -0.2, -0.09090909090909091, -0.07272727272727272, -0.13725490196078433, -0.07272727272727272, -0.07272727272727272, -0.16363636363636364, -0.1568627450980392, -0.10909090909090909, -0.16363636363636364, -0.10909090909090909, -0.2]
['ivy, 0.5, weight, iP= 50\\%', -0.23636363636363636, -0.05454545454545454, -0.21568627450980393, -0.07272727272727272, -0.12727272727272726, -0.35294117647058826, -0.05454545454545454, -0.18181818181818182, -0.16363636363636364, -0.12727272727272726, -0.45454545454545453, -0.07272727272727272, -0.12727272727272726, -0.2545454545454545, -0.2, -0.16363636363636364, -0.05454545454545454, -0.09090909090909091, -0.27450980392156865, -0.17647058823529413, -0.14545454545454545, -0.18181818181818182, -0.09803921568627451, -0.058823529411764705]
['ivy, 0.75, weight, iP= 50\\%', -0.23636363636363636, -0.058823529411764705, -0.03636363636363636, -0.32727272727272727, -0.37254901960784315, -0.11764705882352941, -0.03636363636363636, -0.23636363636363636, -0.058823529411764705, -0.10909090909090909, -0.16363636363636364, -0.21818181818181817, -0.07272727272727272, -0.14545454545454545, -0.23636363636363636, -0.21818181818181817, -0.16363636363636364, -0.01818181818181818, -0.21818181818181817, -0.03636363636363636, -0.058823529411764705, -0.07272727272727272, -0.03636363636363636, -0.4]
