['jedit_Base', 0.06896551724137931, 0.06206896551724138, 0.06896551724137931, 0.06206896551724138, 0.06206896551724138, 0.06206896551724138, 0.06896551724137931, 0.06896551724137931, 0.06206896551724138, 0.06896551724137931, 0.06896551724137931, 0.06206896551724138, 0.06206896551724138, 0.06896551724137931, 0.06206896551724138, 0.06206896551724138, 0.06206896551724138, 0.06206896551724138, 0.06896551724137931, 0.06206896551724138, 0.06896551724137931, 0.06206896551724138, 0.06896551724137931, 0.06896551724137931]
['jedit_0.25', 0.10344827586206896, 0.06206896551724138, 0.15172413793103448, 0.1103448275862069, 0.09655172413793103, 0.0896551724137931, 0.05517241379310345, 0.06206896551724138, 0.1310344827586207, 0.04827586206896552, 0.15172413793103448, 0.041379310344827586, 0.04827586206896552, 0.07586206896551724, 0.1103448275862069, 0.027586206896551724, 0.027586206896551724, 0.1103448275862069, 0.05517241379310345, 0.08275862068965517, 0.15172413793103448, 0.0896551724137931, 0.1310344827586207, 0.07586206896551724]
['jedit_0.5', 0.10344827586206896, 0.16551724137931034, 0.18620689655172415, 0.04827586206896552, 0.12413793103448276, 0.14482758620689656, 0.2, 0.1724137931034483, 0.12413793103448276, 0.27586206896551724, 0.09655172413793103, 0.13793103448275862, 0.11724137931034483, 0.23448275862068965, 0.18620689655172415, 0.1724137931034483, 0.2413793103448276, 0.20689655172413793, 0.2, 0.21379310344827587, 0.2206896551724138, 0.1793103448275862, 0.09655172413793103, 0.10344827586206896]
['jedit_0.75', 0.1310344827586207, 0.593103448275862, 0.45517241379310347, 0.35172413793103446, 0.18620689655172415, 0.1724137931034483, 0.5517241379310345, 0.1103448275862069, 0.23448275862068965, 0.2206896551724138, 0.2827586206896552, 0.5517241379310345, 0.33793103448275863, 0.3931034482758621, 0.46206896551724136, 0.5448275862068965, 0.47586206896551725, 0.4068965517241379, 0.3793103448275862, 0.2689655172413793, 0.5655172413793104, 0.5793103448275863, 0.2896551724137931, 0.2]
['jedit_0.25_w', 0.1310344827586207, 0.08275862068965517, 0.06896551724137931, 0.04827586206896552, 0.034482758620689655, 0.1103448275862069, 0.1310344827586207, 0.1103448275862069, 0.1310344827586207, 0.06206896551724138, 0.041379310344827586, 0.06206896551724138, 0.041379310344827586, 0.11724137931034483, 0.07586206896551724, 0.04827586206896552, 0.08275862068965517, 0.1103448275862069, 0.1310344827586207, 0.041379310344827586, 0.08275862068965517, 0.13793103448275862, 0.06206896551724138, 0.0896551724137931]
['jedit_0.5_w', 0.04827586206896552, 0.06206896551724138, 0.23448275862068965, 0.2827586206896552, 0.14482758620689656, 0.2, 0.20689655172413793, 0.2, 0.07586206896551724, 0.20689655172413793, 0.13793103448275862, 0.0896551724137931, 0.13793103448275862, 0.11724137931034483, 0.21379310344827587, 0.12413793103448276, 0.11724137931034483, 0.14482758620689656, 0.22758620689655173, 0.15862068965517243, 0.2620689655172414, 0.04827586206896552, 0.2689655172413793, 0.18620689655172415]
['jedit_0.75_w', 0.2, 0.3310344827586207, 0.1310344827586207, 0.33793103448275863, 0.15862068965517243, 0.23448275862068965, 0.41379310344827586, 0.034482758620689655, 0.25517241379310346, 0.2482758620689655, 0.1310344827586207, 0.4689655172413793, 0.6689655172413793, 0.3310344827586207, 0.5655172413793104, 0.2482758620689655, 0.3793103448275862, 0.25517241379310346, 0.32413793103448274, 0.42758620689655175, 0.20689655172413793, 0.2, 0.16551724137931034, 0.06896551724137931]
['jedit_0.25_w_iP(50%)', 0.13793103448275862, 0.11724137931034483, 0.06896551724137931, 0.1310344827586207, 0.16551724137931034, 0.15862068965517243, 0.11724137931034483, 0.041379310344827586, 0.1724137931034483, 0.05517241379310345, 0.15862068965517243, 0.1103448275862069, 0.12413793103448276, 0.09655172413793103, 0.1724137931034483, 0.08275862068965517, 0.04827586206896552, 0.09655172413793103, 0.11724137931034483, 0.16551724137931034, 0.08275862068965517, 0.12413793103448276, 0.08275862068965517, 0.08275862068965517]
['jedit_0.5_w_iP(50%)', 0.23448275862068965, 0.19310344827586207, 0.1793103448275862, 0.19310344827586207, 0.18620689655172415, 0.23448275862068965, 0.22758620689655173, 0.20689655172413793, 0.31724137931034485, 0.1103448275862069, 0.36551724137931035, 0.36551724137931035, 0.27586206896551724, 0.296551724137931, 0.0896551724137931, 0.25517241379310346, 0.45517241379310347, 0.14482758620689656, 0.1724137931034483, 0.296551724137931, 0.21379310344827587, 0.21379310344827587, 0.12413793103448276, 0.2206896551724138]
['jedit_0.75_w_iP(50%)', 0.45517241379310347, 0.42758620689655175, 0.41379310344827586, 0.296551724137931, 0.6344827586206897, 0.1310344827586207, 0.30344827586206896, 0.22758620689655173, 0.4, 0.46206896551724136, 0.35172413793103446, 0.4896551724137931, 0.4068965517241379, 0.5517241379310345, 0.13793103448275862, 0.4689655172413793, 0.6137931034482759, 0.47586206896551725, 0.32413793103448274, 0.3586206896551724, 0.4068965517241379, 0.2896551724137931, 0.5655172413793104, 0.503448275862069]
