['jedit, Baseline', -0.11029411764705882, -0.06976744186046512, -0.06976744186046512, -0.06976744186046512, -0.11029411764705882, -0.11029411764705882, -0.06976744186046512, -0.11029411764705882, -0.11029411764705882, -0.11029411764705882, -0.06976744186046512, -0.11029411764705882, -0.11029411764705882, -0.06976744186046512, -0.11029411764705882, -0.11029411764705882, -0.11029411764705882, -0.06976744186046512, -0.06976744186046512, -0.11029411764705882, -0.11029411764705882, -0.11029411764705882, -0.06976744186046512, -0.06976744186046512]
['jedit, 0.25', -0.007751937984496124, 0.0, -0.007352941176470588, -0.007352941176470588, -0.007751937984496124, 0.0, -0.007352941176470588, -0.015503875968992248, -0.007751937984496124, -0.022058823529411766, 0.0, -0.007751937984496124, -0.007751937984496124, -0.015503875968992248, -0.007352941176470588, -0.08823529411764706, -0.007751937984496124, -0.007751937984496124, 0.0, -0.007352941176470588, 0.0, -0.014705882352941176, -0.03676470588235294, -0.007751937984496124]
['jedit, 0.5', -0.5503875968992248, 0.0, -0.04411764705882353, -0.007751937984496124, -0.022058823529411766, 0.0, -0.014705882352941176, 0.0, 0.0, 0.0, 0.0, 0.0, -0.022058823529411766, -0.015503875968992248, 0.0, -0.11029411764705882, -0.014705882352941176, 0.0, -0.007751937984496124, 0.0, -0.051470588235294115, -0.03875968992248062, -0.007352941176470588, -0.051470588235294115]
['jedit, 0.75', -0.007751937984496124, -0.35294117647058826, 0.0, 0.0, -0.18604651162790697, -0.4728682170542636, -0.007751937984496124, 0.0, 0.0, 0.0, -0.007352941176470588, -0.015503875968992248, -0.007751937984496124, -0.007751937984496124, -0.5441176470588235, 0.0, 0.0, -0.007751937984496124, 0.0, -0.007751937984496124, 0.0, 0.0, -0.029411764705882353, 0.0]
['jedit, 0.25, weight', -0.03875968992248062, -0.06976744186046512, 0.0, -0.007751937984496124, -0.007751937984496124, -0.015503875968992248, 0.0, -0.022058823529411766, 0.0, 0.0, -0.051470588235294115, -0.007751937984496124, -0.007352941176470588, -0.007751937984496124, -0.1937984496124031, 0.0, -0.022058823529411766, -0.007352941176470588, -0.023255813953488372, 0.0, -0.022058823529411766, -0.007751937984496124, -0.014705882352941176, 0.0]
['jedit, 0.5, weight', 0.0, -0.007352941176470588, 0.0, -0.007751937984496124, 0.0, -0.08527131782945736, 0.0, -0.03676470588235294, 0.0, 0.0, 0.0, 0.0, -0.046511627906976744, -0.14705882352941177, -0.015503875968992248, 0.0, 0.0, -0.03875968992248062, -0.014705882352941176, -0.023255813953488372, -0.09302325581395349, -0.27941176470588236, -0.11029411764705882, -0.007352941176470588]
['jedit, 0.75, weight', 0.0, -0.014705882352941176, 0.0, -0.8088235294117647, 0.0, 0.0, 0.0, -0.23255813953488372, 0.0, 0.0, 0.0, 0.0, 0.0, -0.014705882352941176, -0.03875968992248062, 0.0, 0.0, 0.0, 0.0, -0.007352941176470588, -0.007352941176470588, -0.34558823529411764, -0.051470588235294115, 0.0]
['jedit, 0.25, weight, iP= 50\\%', -0.031007751937984496, -0.007352941176470588, -0.06976744186046512, -0.022058823529411766, -0.051470588235294115, -0.022058823529411766, -0.03875968992248062, -0.022058823529411766, -0.029411764705882353, -0.031007751937984496, -0.022058823529411766, -0.031007751937984496, -0.09558823529411764, -0.029411764705882353, -0.03875968992248062, -0.10077519379844961, -0.0661764705882353, -0.046511627906976744, -0.014705882352941176, -0.05426356589147287, -0.031007751937984496, -0.022058823529411766, -0.015503875968992248, -0.014705882352941176]
['jedit, 0.5, weight, iP= 50\\%', -0.051470588235294115, 0.0, -0.031007751937984496, -0.023255813953488372, -0.06201550387596899, -0.06201550387596899, -0.07751937984496124, -0.046511627906976744, -0.015503875968992248, -0.125, -0.03875968992248062, -0.015503875968992248, -0.05426356589147287, -0.031007751937984496, -0.06201550387596899, -0.031007751937984496, -0.022058823529411766, -0.03875968992248062, -0.03875968992248062, -0.031007751937984496, -0.046511627906976744, -0.014705882352941176, -0.17054263565891473, -0.046511627906976744]
['jedit, 0.75, weight, iP= 50\\%', -0.051470588235294115, -0.029411764705882353, -0.029411764705882353, -0.0661764705882353, -0.20155038759689922, -0.13953488372093023, -0.051470588235294115, -0.04411764705882353, -0.09558823529411764, -0.046511627906976744, -0.03676470588235294, -0.051470588235294115, -0.046511627906976744, -0.03676470588235294, -0.10852713178294573, -0.046511627906976744, -0.03676470588235294, -0.4117647058823529, 0.0, -0.09302325581395349, -0.03676470588235294, -0.051470588235294115, -0.04411764705882353, -0.16911764705882354]
