['log4j_Base', 0.058823529411764705, 0.03225806451612903, 0.058823529411764705, 0.03225806451612903, 0.03225806451612903, 0.058823529411764705, 0.058823529411764705, 0.03225806451612903, 0.058823529411764705, 0.03225806451612903, 0.058823529411764705, 0.03225806451612903, 0.03225806451612903, 0.058823529411764705, 0.058823529411764705, 0.058823529411764705, 0.058823529411764705, 0.058823529411764705, 0.058823529411764705, 0.058823529411764705, 0.03225806451612903, 0.03225806451612903, 0.03225806451612903, 0.058823529411764705]
['log4j_0.25', 0.14705882352941177, 0.03225806451612903, 0.029411764705882353, 0.08823529411764706, 0.0, 0.11764705882352941, 0.12903225806451613, 0.03225806451612903, 0.08823529411764706, 0.06451612903225806, 0.058823529411764705, 0.06451612903225806, 0.058823529411764705, 0.0967741935483871, 0.058823529411764705, 0.0967741935483871, 0.12903225806451613, 0.0967741935483871, 0.12903225806451613, 0.08823529411764706, 0.11764705882352941, 0.03225806451612903, 0.0967741935483871, 0.0967741935483871]
['log4j_0.5', 0.14705882352941177, 0.11764705882352941, 0.08823529411764706, 0.12903225806451613, 0.0967741935483871, 0.12903225806451613, 0.11764705882352941, 0.12903225806451613, 0.06451612903225806, 0.0967741935483871, 0.11764705882352941, 0.08823529411764706, 0.06451612903225806, 0.12903225806451613, 0.03225806451612903, 0.058823529411764705, 0.0967741935483871, 0.058823529411764705, 0.16129032258064516, 0.0967741935483871, 0.029411764705882353, 0.14705882352941177, 0.0967741935483871, 0.058823529411764705]
['log4j_0.75', 0.14705882352941177, 0.20588235294117646, 0.12903225806451613, 0.058823529411764705, 0.12903225806451613, 0.1935483870967742, 0.12903225806451613, 0.12903225806451613, 0.058823529411764705, 0.17647058823529413, 0.1935483870967742, 0.11764705882352941, 0.12903225806451613, 0.11764705882352941, 0.03225806451612903, 0.058823529411764705, 0.17647058823529413, 0.14705882352941177, 0.058823529411764705, 0.08823529411764706, 0.11764705882352941, 0.12903225806451613, 0.17647058823529413, 0.12903225806451613]
['log4j_0.25_w', 0.0967741935483871, 0.06451612903225806, 0.058823529411764705, 0.08823529411764706, 0.0967741935483871, 0.17647058823529413, 0.0, 0.08823529411764706, 0.08823529411764706, 0.0, 0.08823529411764706, 0.20588235294117646, 0.11764705882352941, 0.08823529411764706, 0.06451612903225806, 0.0967741935483871, 0.14705882352941177, 0.058823529411764705, 0.0, 0.058823529411764705, 0.03225806451612903, 0.058823529411764705, 0.0, 0.058823529411764705]
['log4j_0.5_w', 0.0967741935483871, 0.0, 0.06451612903225806, 0.11764705882352941, 0.12903225806451613, 0.12903225806451613, 0.0967741935483871, 0.12903225806451613, 0.0967741935483871, 0.0967741935483871, 0.17647058823529413, 0.20588235294117646, 0.11764705882352941, 0.16129032258064516, 0.11764705882352941, 0.058823529411764705, 0.12903225806451613, 0.12903225806451613, 0.0967741935483871, 0.0967741935483871, 0.03225806451612903, 0.0967741935483871, 0.0967741935483871, 0.12903225806451613]
['log4j_0.75_w', 0.1935483870967742, 0.0967741935483871, 0.2647058823529412, 0.12903225806451613, 0.1935483870967742, 0.11764705882352941, 0.11764705882352941, 0.08823529411764706, 0.058823529411764705, 0.20588235294117646, 0.058823529411764705, 0.08823529411764706, 0.0967741935483871, 0.23529411764705882, 0.1935483870967742, 0.058823529411764705, 0.22580645161290322, 0.0967741935483871, 0.08823529411764706, 0.20588235294117646, 0.17647058823529413, 0.0967741935483871, 0.23529411764705882, 0.17647058823529413]
['log4j_0.25_w_iP(50%)', 0.0967741935483871, 0.058823529411764705, 0.058823529411764705, 0.12903225806451613, 0.0967741935483871, 0.06451612903225806, 0.11764705882352941, 0.08823529411764706, 0.058823529411764705, 0.08823529411764706, 0.0967741935483871, 0.0, 0.058823529411764705, 0.08823529411764706, 0.17647058823529413, 0.03225806451612903, 0.0, 0.03225806451612903, 0.11764705882352941, 0.08823529411764706, 0.0967741935483871, 0.16129032258064516, 0.03225806451612903, 0.06451612903225806]
['log4j_0.5_w_iP(50%)', 0.14705882352941177, 0.0967741935483871, 0.12903225806451613, 0.0967741935483871, 0.12903225806451613, 0.058823529411764705, 0.12903225806451613, 0.11764705882352941, 0.0967741935483871, 0.14705882352941177, 0.0967741935483871, 0.17647058823529413, 0.16129032258064516, 0.14705882352941177, 0.17647058823529413, 0.0967741935483871, 0.12903225806451613, 0.12903225806451613, 0.16129032258064516, 0.1935483870967742, 0.06451612903225806, 0.0967741935483871, 0.17647058823529413, 0.14705882352941177]
['log4j_0.75_w_iP(50%)', 0.22580645161290322, 0.3235294117647059, 0.3548387096774194, 0.12903225806451613, 0.12903225806451613, 0.1935483870967742, 0.16129032258064516, 0.06451612903225806, 0.25806451612903225, 0.058823529411764705, 0.2903225806451613, 0.20588235294117646, 0.25806451612903225, 0.2647058823529412, 0.16129032258064516, 0.2647058823529412, 0.25806451612903225, 0.0, 0.14705882352941177, 0.0967741935483871, 0.1935483870967742, 0.1935483870967742, 0.17647058823529413, 0.16129032258064516]
