['lucene, Baseline', -0.09696969696969697, -0.052980132450331126, -0.06962025316455696, -0.10191082802547771, -0.052980132450331126, -0.06962025316455696, -0.10191082802547771, -0.06962025316455696, -0.052980132450331126, -0.10191082802547771, -0.09696969696969697, -0.09696969696969697, -0.09696969696969697, -0.09696969696969697, -0.09696969696969697, -0.052980132450331126, -0.052980132450331126, -0.052980132450331126, -0.052980132450331126, -0.052980132450331126, -0.09696969696969697, -0.052980132450331126, -0.10191082802547771, -0.06962025316455696]
['lucene, 0.25', -0.039735099337748346, -0.01818181818181818, -0.033112582781456956, -0.01910828025477707, -0.030303030303030304, -0.033112582781456956, -0.030303030303030304, -0.056962025316455694, -0.03184713375796178, -0.03636363636363636, -0.0189873417721519, -0.01818181818181818, -0.0949367088607595, -0.02531645569620253, -0.006060606060606061, -0.052980132450331126, -0.01818181818181818, -0.030303030303030304, -0.0189873417721519, -0.05454545454545454, -0.0379746835443038, -0.07947019867549669, -0.01910828025477707, -0.05732484076433121]
['lucene, 0.5', -0.06329113924050633, -0.013245033112582781, -0.024242424242424242, -0.03636363636363636, -0.03821656050955414, -0.013245033112582781, -0.05732484076433121, -0.12025316455696203, -0.08484848484848485, -0.08227848101265822, -0.013245033112582781, -0.01818181818181818, -0.08609271523178808, -0.07272727272727272, 0.0, -0.03164556962025317, -0.006622516556291391, -0.039735099337748346, -0.01818181818181818, -0.06962025316455696, -0.0728476821192053, -0.08227848101265822, -0.06329113924050633, 0.0]
['lucene, 0.75', -0.1518987341772152, -0.013245033112582781, -0.40606060606060607, -0.006622516556291391, -0.01818181818181818, -0.07947019867549669, -0.11392405063291139, -0.4303030303030303, -0.11258278145695365, -0.12727272727272726, -0.06622516556291391, -0.18354430379746836, -0.13291139240506328, -0.12658227848101267, -0.05732484076433121, 0.0, -0.006060606060606061, -0.06666666666666667, -0.0728476821192053, -0.03821656050955414, -0.09696969696969697, -0.07643312101910828, -0.03164556962025317, -0.026490066225165563]
['lucene, 0.25, weight', 0.0, -0.04242424242424243, -0.012738853503184714, -0.039735099337748346, -0.033112582781456956, 0.0, -0.024242424242424242, -0.024242424242424242, -0.006369426751592357, -0.08280254777070063, -0.01818181818181818, -0.006622516556291391, -0.033112582781456956, -0.052980132450331126, -0.05063291139240506, -0.012658227848101266, 0.0, -0.006369426751592357, -0.050955414012738856, -0.056962025316455694, -0.033112582781456956, -0.013245033112582781, -0.05063291139240506, -0.10909090909090909]
['lucene, 0.5, weight', -0.026490066225165563, -0.024242424242424242, -0.006369426751592357, -0.033112582781456956, -0.06329113924050633, -0.026490066225165563, -0.006622516556291391, -0.03184713375796178, 0.0, -0.013245033112582781, -0.01910828025477707, -0.09696969696969697, -0.059602649006622516, -0.11920529801324503, -0.025477707006369428, -0.006060606060606061, -0.012738853503184714, -0.04242424242424243, -0.006369426751592357, -0.033112582781456956, -0.030303030303030304, -0.059602649006622516, -0.08917197452229299, -0.05454545454545454]
['lucene, 0.75, weight', -0.12658227848101267, -0.3509933774834437, -0.052980132450331126, -0.012658227848101266, -0.5827814569536424, -0.030303030303030304, -0.2545454545454545, -0.08280254777070063, -0.012658227848101266, 0.0, -0.05454545454545454, -0.4873417721518987, -0.012658227848101266, -0.030303030303030304, -0.11464968152866242, -0.3090909090909091, -0.006329113924050633, -0.019867549668874173, 0.0, -0.026490066225165563, -0.08860759493670886, -0.24050632911392406, 0.0, -0.024242424242424242]
['lucene, 0.25, weight, iP= 50\\%', -0.026490066225165563, -0.06666666666666667, -0.056962025316455694, -0.04242424242424243, -0.02531645569620253, -0.03164556962025317, -0.056962025316455694, -0.08484848484848485, -0.025477707006369428, -0.013245033112582781, -0.006329113924050633, -0.07006369426751592, -0.048484848484848485, -0.039735099337748346, -0.06622516556291391, -0.044585987261146494, -0.0379746835443038, -0.030303030303030304, -0.07006369426751592, -0.06060606060606061, -0.03636363636363636, -0.013245033112582781, -0.06329113924050633, -0.06369426751592357]
['lucene, 0.5, weight, iP= 50\\%', -0.050955414012738856, -0.03184713375796178, -0.012658227848101266, -0.025477707006369428, -0.052980132450331126, -0.08484848484848485, -0.03821656050955414, -0.06369426751592357, -0.006622516556291391, -0.06622516556291391, -0.046357615894039736, -0.07272727272727272, -0.1464968152866242, -0.04242424242424243, -0.006622516556291391, -0.03164556962025317, -0.006622516556291391, -0.06369426751592357, -0.01910828025477707, -0.026490066225165563, -0.04242424242424243, -0.07947019867549669, -0.10909090909090909, -0.0189873417721519]
['lucene, 0.75, weight, iP= 50\\%', -0.019867549668874173, -0.09696969696969697, -0.0379746835443038, -0.11392405063291139, -0.02531645569620253, -0.09090909090909091, -0.0189873417721519, -0.10909090909090909, -0.15894039735099338, -0.10191082802547771, -0.11392405063291139, -0.01910828025477707, -0.09696969696969697, -0.03821656050955414, -0.006369426751592357, -0.07878787878787878, -0.03164556962025317, -0.19205298013245034, -0.08860759493670886, -0.18543046357615894, -0.09090909090909091, -0.10596026490066225, -0.06666666666666667, -0.07878787878787878]
