['poi, Baseline', -0.143646408839779, -0.0861244019138756, -0.10256410256410256, -0.16580310880829016, -0.07352941176470588, -0.09502262443438914, -0.05357142857142857, -0.10747663551401869, -0.03208556149732621, -0.0845771144278607, -0.21717171717171718, -0.08144796380090498, -0.12154696132596685, -0.07731958762886598, -0.10497237569060773, -0.07239819004524888, -0.1658291457286432, -0.050505050505050504, -0.0945945945945946, -0.09090909090909091, -0.06878306878306878, -0.11707317073170732, -0.10222222222222223, -0.07142857142857142]
['poi, 0.25', -0.0821256038647343, -0.11976047904191617, -0.02262443438914027, -0.021645021645021644, -0.18226600985221675, -0.04716981132075472, -0.09278350515463918, -0.028708133971291867, -0.01092896174863388, -0.005319148936170213, -0.05240174672489083, -0.010050251256281407, -0.0374331550802139, -0.18018018018018017, -0.16289592760180996, -0.025423728813559324, -0.016483516483516484, -0.11711711711711711, -0.04035874439461883, 0.0, -0.009302325581395349, 0.0, -0.013513513513513514, -0.03389830508474576]
['poi, 0.5', -0.009216589861751152, -0.029556650246305417, -0.0821917808219178, 0.0, -0.01092896174863388, 0.0, 0.0, 0.0, -0.03286384976525822, 0.0, 0.0, -0.005128205128205128, -0.0045871559633027525, 0.0, -0.005319148936170213, -0.005208333333333333, -0.06862745098039216, -0.0502283105022831, -0.15625, -0.046632124352331605, -0.01098901098901099, -0.005291005291005291, -0.6683417085427136, -0.005076142131979695]
['poi, 0.75', 0.0, -0.05202312138728324, 0.0, -0.024271844660194174, -0.1715686274509804, -0.00881057268722467, 0.0, -0.0045662100456621, -0.0196078431372549, -0.017857142857142856, 0.0, 0.0, 0.0, -0.0319634703196347, -0.05339805825242718, -0.006211180124223602, -0.008438818565400843, 0.0, 0.0, 0.0, -0.05714285714285714, -0.024271844660194174, -0.07960199004975124, -0.010471204188481676]
['poi, 0.25, weight', -0.21363636363636362, -0.04504504504504504, 0.0, -0.039473684210526314, -0.03153153153153153, -0.06896551724137931, -0.05851063829787234, -0.017543859649122806, -0.28095238095238095, -0.01, -0.0048543689320388345, -0.09195402298850575, -0.03, -0.024390243902439025, -0.09905660377358491, 0.0, -0.1625615763546798, -0.03862660944206009, -0.12322274881516587, -0.010471204188481676, -0.03571428571428571, -0.008298755186721992, -0.004608294930875576, -0.029411764705882353]
['poi, 0.5, weight', -0.04245283018867924, -0.024509803921568627, -0.04405286343612335, -0.16666666666666666, -0.013824884792626729, -0.017167381974248927, -0.04716981132075472, 0.0, -0.1330049261083744, -0.3719806763285024, -0.022727272727272728, 0.0, -0.04326923076923077, -0.009345794392523364, -0.03864734299516908, -0.004901960784313725, -0.06341463414634146, -0.024154589371980676, -0.08333333333333333, -0.059907834101382486, -0.047619047619047616, 0.0, -0.009708737864077669, -0.010050251256281407]
['poi, 0.75, weight', -0.009852216748768473, -0.3551912568306011, -0.005025125628140704, -0.015957446808510637, -0.8177083333333334, -0.06572769953051644, -0.12444444444444444, -0.0049261083743842365, 0.0, -0.14912280701754385, -0.6095238095238096, -0.3722943722943723, -0.10396039603960396, -0.8200836820083682, -0.32673267326732675, 0.0, -0.919431279620853, -0.07373271889400922, -0.014150943396226415, -0.009433962264150943, -0.48514851485148514, 0.0, -0.013215859030837005, -0.004830917874396135]
['poi, 0.25, weight, iP= 50\\%', -0.06481481481481481, -0.14948453608247422, -0.06598984771573604, -0.02926829268292683, -0.024752475247524754, -0.05699481865284974, -0.1164021164021164, -0.18604651162790697, -0.09691629955947137, -0.04405286343612335, -0.06315789473684211, -0.058091286307053944, -0.2062780269058296, -0.022321428571428572, -0.25112107623318386, -0.03571428571428571, -0.02702702702702703, -0.05741626794258373, -0.1761904761904762, -0.010050251256281407, -0.021739130434782608, -0.07216494845360824, -0.05531914893617021, -0.1013215859030837]
['poi, 0.5, weight, iP= 50\\%', -0.09090909090909091, -0.4532710280373832, -0.014423076923076924, -0.05660377358490566, -0.3125, -0.16568047337278108, -0.02403846153846154, -0.07446808510638298, -0.02564102564102564, -0.005376344086021506, -0.2669902912621359, -0.050761421319796954, -0.06435643564356436, 0.0, -0.11162790697674418, -0.1326530612244898, -0.03827751196172249, -0.07109004739336493, -0.16, -0.10900473933649289, -0.08421052631578947, -0.04888888888888889, -0.01932367149758454, -0.3062200956937799]
['poi, 0.75, weight, iP= 50\\%', -0.03571428571428571, -0.12, -0.0797872340425532, -0.029787234042553193, -0.03153153153153153, -0.16216216216216217, -0.030434782608695653, -0.09547738693467336, -0.032432432432432434, -0.019230769230769232, -0.05434782608695652, -0.004694835680751174, -0.03305785123966942, -0.16489361702127658, -0.041666666666666664, -0.1875, -0.004975124378109453, -0.05555555555555555, 0.0, -0.03349282296650718, -0.32323232323232326, -0.009302325581395349, -0.3145539906103286, -0.024509803921568627]
