['poi_Base', 0.06918238993710692, 0.09947643979057591, 0.09230769230769231, 0.08421052631578947, 0.09268292682926829, 0.0947867298578199, 0.11180124223602485, 0.1111111111111111, 0.07608695652173914, 0.1111111111111111, 0.10326086956521739, 0.05555555555555555, 0.11801242236024845, 0.09895833333333333, 0.07051282051282051, 0.12154696132596685, 0.1270718232044199, 0.06435643564356436, 0.08163265306122448, 0.10396039603960396, 0.10849056603773585, 0.11616161616161616, 0.049689440993788817, 0.08530805687203792]
['poi_0.25', 0.1044776119402985, 0.42777777777777776, 0.14485981308411214, 0.14213197969543148, 0.18877551020408162, 0.16831683168316833, 0.25, 0.25, 0.26595744680851063, 0.23786407766990292, 0.1497326203208556, 0.27411167512690354, 0.2538860103626943, 0.11731843575418995, 0.1827956989247312, 0.20512820512820512, 0.11855670103092783, 0.145985401459854, 0.14146341463414633, 0.19576719576719576, 0.3390804597701149, 0.19387755102040816, 0.23717948717948717, 0.08542713567839195]
['poi_0.5', 0.39106145251396646, 0.2169811320754717, 0.375, 0.17587939698492464, 0.1488095238095238, 0.3756345177664975, 0.4228855721393035, 0.3712871287128713, 0.39325842696629215, 0.12307692307692308, 0.12149532710280374, 0.0845771144278607, 0.2955665024630542, 0.22058823529411764, 0.28350515463917525, 0.5380952380952381, 0.135678391959799, 0.125, 0.2932692307692308, 0.23671497584541062, 0.3689839572192513, 0.2356020942408377, 0.26490066225165565, 0.42718446601941745]
['poi_0.75', 0.6009615384615384, 0.55625, 0.3480392156862745, 0.44221105527638194, 0.43137254901960786, 0.46534653465346537, 0.579185520361991, 0.7, 0.3869346733668342, 0.14814814814814814, 0.26291079812206575, 0.4715909090909091, 0.2107843137254902, 0.3103448275862069, 0.36764705882352944, 0.4787234042553192, 0.6731707317073171, 0.49230769230769234, 0.6310679611650486, 0.2538860103626943, 0.3932038834951456, 0.4712041884816754, 0.6359223300970874, 0.3316062176165803]
['poi_0.25_w', 0.14432989690721648, 0.12195121951219512, 0.08695652173913043, 0.16666666666666666, 0.2849462365591398, 0.3157894736842105, 0.09900990099009901, 0.20212765957446807, 0.3089005235602094, 0.18181818181818182, 0.14136125654450263, 0.3900709219858156, 0.11442786069651742, 0.09905660377358491, 0.22807017543859648, 0.24581005586592178, 0.29292929292929293, 0.17560975609756097, 0.2736318407960199, 0.13106796116504854, 0.13953488372093023, 0.32195121951219513, 0.16203703703703703, 0.1497326203208556]
['poi_0.5_w', 0.24752475247524752, 0.40860215053763443, 0.2972972972972973, 0.27699530516431925, 0.21052631578947367, 0.5440414507772021, 0.075, 0.589041095890411, 0.42718446601941745, 0.1782178217821782, 0.4431818181818182, 0.35135135135135137, 0.08, 0.2706422018348624, 0.5467980295566502, 0.5913978494623656, 0.3160919540229885, 0.15656565656565657, 0.23076923076923078, 0.20725388601036268, 0.32682926829268294, 0.4479166666666667, 0.47540983606557374, 0.3968253968253968]
['poi_0.75_w', 0.5228426395939086, 0.4088397790055249, 0.5517241379310345, 0.4857142857142857, 0.4620253164556962, 0.5340314136125655, 0.39903846153846156, 0.4263959390862944, 0.42346938775510207, 0.41450777202072536, 0.3894736842105263, 0.4601226993865031, 0.6216216216216216, 0.2, 0.31125827814569534, 0.4925373134328358, 0.4697986577181208, 0.4521276595744681, 0.5704225352112676, 0.05472636815920398, 0.4489795918367347, 0.319047619047619, 0.49714285714285716, 0.6060606060606061]
['poi_0.25_w_iP(50%)', 0.06862745098039216, 0.17676767676767677, 0.16908212560386474, 0.31313131313131315, 0.11707317073170732, 0.12135922330097088, 0.08287292817679558, 0.1407766990291262, 0.07981220657276995, 0.09554140127388536, 0.19523809523809524, 0.16847826086956522, 0.14213197969543148, 0.0763888888888889, 0.215, 0.09743589743589744, 0.16560509554140126, 0.07462686567164178, 0.06172839506172839, 0.18181818181818182, 0.07537688442211055, 0.22872340425531915, 0.14465408805031446, 0.09090909090909091]
['poi_0.5_w_iP(50%)', 0.1407766990291262, 0.11538461538461539, 0.19161676646706588, 0.1987179487179487, 0.22, 0.2331288343558282, 0.3656716417910448, 0.2235294117647059, 0.41379310344827586, 0.1485148514851485, 0.3611111111111111, 0.18686868686868688, 0.1259259259259259, 0.3404255319148936, 0.10160427807486631, 0.15841584158415842, 0.06790123456790123, 0.22105263157894736, 0.17452830188679244, 0.3979591836734694, 0.1686746987951807, 0.1188118811881188, 0.3875, 0.19689119170984457]
['poi_0.75_w_iP(50%)', 0.22429906542056074, 0.23737373737373738, 0.32608695652173914, 0.4068627450980392, 0.20418848167539266, 0.5119047619047619, 0.16748768472906403, 0.2345679012345679, 0.3875, 0.18666666666666668, 0.35960591133004927, 0.2774566473988439, 0.24812030075187969, 0.15625, 0.5472972972972973, 0.39901477832512317, 0.25961538461538464, 0.4365482233502538, 0.32524271844660196, 0.23, 0.11170212765957446, 0.5028901734104047, 0.2, 0.08854166666666667]
