['synapse_Base', 0.15384615384615385, 0.15384615384615385, 0.15384615384615385, 0.15384615384615385, 0.15384615384615385, 0.15384615384615385, 0.15384615384615385, 0.15384615384615385, 0.15384615384615385, 0.15384615384615385, 0.15384615384615385, 0.15384615384615385, 0.15384615384615385, 0.15384615384615385, 0.15384615384615385, 0.15384615384615385, 0.15384615384615385, 0.15384615384615385, 0.15384615384615385, 0.15384615384615385, 0.15384615384615385, 0.15384615384615385, 0.15384615384615385, 0.15384615384615385]
['synapse_0.25', 0.3269230769230769, 0.38461538461538464, 0.11538461538461539, 0.38461538461538464, 0.15384615384615385, 0.34615384615384615, 0.19230769230769232, 0.17307692307692307, 0.28846153846153844, 0.23076923076923078, 0.25, 0.2692307692307692, 0.11538461538461539, 0.21153846153846154, 0.19230769230769232, 0.4230769230769231, 0.17307692307692307, 0.34615384615384615, 0.23076923076923078, 0.1346153846153846, 0.40384615384615385, 0.17307692307692307, 0.25, 0.19230769230769232]
['synapse_0.5', 0.25, 0.36538461538461536, 0.5192307692307693, 0.09615384615384616, 0.25, 0.75, 0.2692307692307692, 0.5192307692307693, 0.21153846153846154, 0.5192307692307693, 0.4423076923076923, 0.40384615384615385, 0.2692307692307692, 0.21153846153846154, 0.4230769230769231, 0.4230769230769231, 0.6923076923076923, 0.5576923076923077, 0.3269230769230769, 0.4423076923076923, 0.4423076923076923, 0.5769230769230769, 0.15384615384615385, 0.23076923076923078]
['synapse_0.75', 0.5, 0.23076923076923078, 0.8461538461538461, 0.5, 0.8076923076923077, 0.46153846153846156, 0.34615384615384615, 0.5, 0.5, 0.6923076923076923, 0.38461538461538464, 0.40384615384615385, 0.34615384615384615, 0.34615384615384615, 0.9038461538461539, 0.4807692307692308, 0.7692307692307693, 0.3076923076923077, 0.7692307692307693, 0.4807692307692308, 0.4807692307692308, 0.8461538461538461, 0.5, 0.34615384615384615]
['synapse_0.25_w', 0.17307692307692307, 0.3076923076923077, 0.23076923076923078, 0.1346153846153846, 0.3076923076923077, 0.19230769230769232, 0.46153846153846156, 0.25, 0.19230769230769232, 0.28846153846153844, 0.23076923076923078, 0.21153846153846154, 0.3076923076923077, 0.23076923076923078, 0.09615384615384616, 0.11538461538461539, 0.23076923076923078, 0.15384615384615385, 0.36538461538461536, 0.15384615384615385, 0.23076923076923078, 0.21153846153846154, 0.23076923076923078, 0.1346153846153846]
['synapse_0.5_w', 0.2692307692307692, 0.40384615384615385, 0.38461538461538464, 0.5384615384615384, 0.1346153846153846, 0.4230769230769231, 0.36538461538461536, 0.36538461538461536, 0.4423076923076923, 0.5769230769230769, 0.25, 0.4423076923076923, 0.21153846153846154, 0.5384615384615384, 0.1346153846153846, 0.21153846153846154, 0.28846153846153844, 0.2692307692307692, 0.46153846153846156, 0.34615384615384615, 0.6923076923076923, 0.3076923076923077, 0.4230769230769231, 0.5]
['synapse_0.75_w', 0.75, 0.5, 0.5961538461538461, 0.21153846153846154, 0.7884615384615384, 0.5961538461538461, 0.38461538461538464, 0.8846153846153846, 0.5769230769230769, 0.7692307692307693, 0.5576923076923077, 0.46153846153846156, 0.7115384615384616, 0.9038461538461539, 0.23076923076923078, 0.5576923076923077, 0.4807692307692308, 0.5769230769230769, 0.2692307692307692, 0.3269230769230769, 0.5384615384615384, 0.40384615384615385, 0.5576923076923077, 0.5]
['synapse_0.25_w_iP(50%)', 0.17307692307692307, 0.15384615384615385, 0.1346153846153846, 0.15384615384615385, 0.11538461538461539, 0.17307692307692307, 0.21153846153846154, 0.21153846153846154, 0.1346153846153846, 0.11538461538461539, 0.21153846153846154, 0.17307692307692307, 0.21153846153846154, 0.1346153846153846, 0.17307692307692307, 0.23076923076923078, 0.1346153846153846, 0.21153846153846154, 0.17307692307692307, 0.17307692307692307, 0.11538461538461539, 0.21153846153846154, 0.25, 0.1346153846153846]
['synapse_0.5_w_iP(50%)', 0.23076923076923078, 0.23076923076923078, 0.23076923076923078, 0.23076923076923078, 0.15384615384615385, 0.19230769230769232, 0.15384615384615385, 0.11538461538461539, 0.17307692307692307, 0.17307692307692307, 0.09615384615384616, 0.2692307692307692, 0.11538461538461539, 0.15384615384615385, 0.25, 0.28846153846153844, 0.15384615384615385, 0.09615384615384616, 0.15384615384615385, 0.09615384615384616, 0.19230769230769232, 0.15384615384615385, 0.15384615384615385, 0.09615384615384616]
['synapse_0.75_w_iP(50%)', 0.19230769230769232, 0.21153846153846154, 0.23076923076923078, 0.25, 0.21153846153846154, 0.2692307692307692, 0.3076923076923077, 0.23076923076923078, 0.15384615384615385, 0.19230769230769232, 0.15384615384615385, 0.15384615384615385, 0.19230769230769232, 0.15384615384615385, 0.15384615384615385, 0.23076923076923078, 0.23076923076923078, 0.23076923076923078, 0.1346153846153846, 0.15384615384615385, 0.19230769230769232, 0.23076923076923078, 0.17307692307692307, 0.2692307692307692]
