['synapse, Baseline', -0.15384615384615385, -0.15384615384615385, -0.15384615384615385, -0.15384615384615385, -0.15384615384615385, -0.15384615384615385, -0.15384615384615385, -0.15384615384615385, -0.15384615384615385, -0.15384615384615385, -0.15384615384615385, -0.15384615384615385, -0.15384615384615385, -0.15384615384615385, -0.15384615384615385, -0.15384615384615385, -0.15384615384615385, -0.15384615384615385, -0.15384615384615385, -0.15384615384615385, -0.15384615384615385, -0.15384615384615385, -0.15384615384615385, -0.15384615384615385]
['synapse, 0.25', -0.11538461538461539, -0.1346153846153846, -0.23076923076923078, -0.17307692307692307, -0.1346153846153846, -0.21153846153846154, -0.11538461538461539, -0.28846153846153844, -0.057692307692307696, -0.17307692307692307, -0.1346153846153846, -0.15384615384615385, -0.11538461538461539, -0.4230769230769231, -0.15384615384615385, -0.15384615384615385, -0.09615384615384616, -0.1346153846153846, -0.19230769230769232, -0.19230769230769232, -0.1346153846153846, -0.19230769230769232, -0.2692307692307692, -0.15384615384615385]
['synapse, 0.5', -0.5576923076923077, -0.5, -0.15384615384615385, -0.19230769230769232, -0.1346153846153846, -0.19230769230769232, -0.19230769230769232, -0.15384615384615385, -0.21153846153846154, -0.3076923076923077, -0.3269230769230769, -0.15384615384615385, -0.23076923076923078, -0.15384615384615385, -0.5576923076923077, -0.21153846153846154, -0.15384615384615385, -0.36538461538461536, -0.15384615384615385, -0.36538461538461536, -0.3076923076923077, -0.4230769230769231, -0.34615384615384615, -0.17307692307692307]
['synapse, 0.75', -0.4230769230769231, -0.17307692307692307, -0.19230769230769232, -0.15384615384615385, -0.40384615384615385, -0.8076923076923077, -0.1346153846153846, -0.9038461538461539, -0.21153846153846154, -0.23076923076923078, -0.28846153846153844, -0.21153846153846154, -0.19230769230769232, -0.4807692307692308, -0.19230769230769232, -0.19230769230769232, -0.1346153846153846, -0.8076923076923077, -0.7692307692307693, -0.8461538461538461, -0.5961538461538461, -0.17307692307692307, -0.15384615384615385, -0.38461538461538464]
['synapse, 0.25, weight', -0.1346153846153846, -0.23076923076923078, -0.17307692307692307, -0.15384615384615385, -0.09615384615384616, -0.1346153846153846, -0.09615384615384616, -0.17307692307692307, -0.17307692307692307, -0.19230769230769232, -0.11538461538461539, -0.15384615384615385, -0.11538461538461539, -0.11538461538461539, -0.1346153846153846, -0.1346153846153846, -0.19230769230769232, -0.17307692307692307, -0.19230769230769232, -0.28846153846153844, -0.1346153846153846, -0.15384615384615385, -0.23076923076923078, -0.11538461538461539]
['synapse, 0.5, weight', -0.4807692307692308, -0.15384615384615385, -0.40384615384615385, -0.19230769230769232, -0.15384615384615385, -0.19230769230769232, -0.15384615384615385, -0.5, -0.15384615384615385, -0.5576923076923077, -0.15384615384615385, -0.2692307692307692, -0.17307692307692307, -0.19230769230769232, -0.3269230769230769, -0.4423076923076923, -0.15384615384615385, -0.11538461538461539, -0.1346153846153846, -0.11538461538461539, -0.46153846153846156, -0.21153846153846154, -0.3076923076923077, -0.15384615384615385]
['synapse, 0.75, weight', -0.15384615384615385, -0.17307692307692307, -0.09615384615384616, -0.19230769230769232, -0.23076923076923078, -0.8076923076923077, -0.19230769230769232, -0.17307692307692307, -0.21153846153846154, -0.6923076923076923, -0.6346153846153846, -0.19230769230769232, -0.4807692307692308, -0.40384615384615385, -0.25, -0.15384615384615385, -0.5576923076923077, -0.09615384615384616, -0.1346153846153846, -0.15384615384615385, -0.15384615384615385, -0.2692307692307692, -0.8846153846153846, -0.2692307692307692]
['synapse, 0.25, weight, iP= 50\\%', -0.19230769230769232, -0.17307692307692307, -0.19230769230769232, -0.17307692307692307, -0.1346153846153846, -0.1346153846153846, -0.11538461538461539, -0.09615384615384616, -0.19230769230769232, -0.15384615384615385, -0.19230769230769232, -0.15384615384615385, -0.1346153846153846, -0.09615384615384616, -0.19230769230769232, -0.17307692307692307, -0.15384615384615385, -0.1346153846153846, -0.15384615384615385, -0.1346153846153846, -0.15384615384615385, -0.21153846153846154, -0.15384615384615385, -0.15384615384615385]
['synapse, 0.5, weight, iP= 50\\%', -0.17307692307692307, -0.17307692307692307, -0.21153846153846154, -0.17307692307692307, -0.15384615384615385, -0.15384615384615385, -0.15384615384615385, -0.17307692307692307, -0.21153846153846154, -0.21153846153846154, -0.11538461538461539, -0.25, -0.11538461538461539, -0.17307692307692307, -0.17307692307692307, -0.17307692307692307, -0.09615384615384616, -0.1346153846153846, -0.1346153846153846, -0.2692307692307692, -0.21153846153846154, -0.23076923076923078, -0.1346153846153846, -0.15384615384615385]
['synapse, 0.75, weight, iP= 50\\%', -0.21153846153846154, -0.19230769230769232, -0.19230769230769232, -0.15384615384615385, -0.19230769230769232, -0.19230769230769232, -0.19230769230769232, -0.17307692307692307, -0.19230769230769232, -0.19230769230769232, -0.19230769230769232, -0.17307692307692307, -0.15384615384615385, -0.17307692307692307, -0.1346153846153846, -0.1346153846153846, -0.1346153846153846, -0.19230769230769232, -0.17307692307692307, -0.15384615384615385, -0.15384615384615385, -0.17307692307692307, -0.15384615384615385, -0.19230769230769232]
