['velocity, Baseline', -0.013333333333333334, -0.014285714285714285, -0.014285714285714285, -0.06944444444444445, -0.0136986301369863, -0.0136986301369863, -0.04054054054054054, -0.02631578947368421, -0.09333333333333334, -0.0136986301369863, -0.027777777777777776, -0.0547945205479452, -0.013888888888888888, -0.04054054054054054, -0.09333333333333334, -0.0684931506849315, -0.06666666666666667, -0.014285714285714285, -0.0684931506849315, -0.07792207792207792, -0.0136986301369863, -0.0273972602739726, -0.0547945205479452, -0.09333333333333334]
['velocity, 0.25', -0.05194805194805195, -0.05714285714285714, -0.06578947368421052, -0.0136986301369863, -0.06666666666666667, -0.027777777777777776, -0.2191780821917808, -0.04, -0.08108108108108109, -0.02857142857142857, -0.08333333333333333, 0.0, -0.013157894736842105, -0.06944444444444445, -0.0273972602739726, -0.07894736842105263, -0.02702702702702703, -0.0684931506849315, -0.1095890410958904, -0.039473684210526314, -0.0273972602739726, -0.07142857142857142, -0.0821917808219178, -0.06578947368421052]
['velocity, 0.5', -0.0410958904109589, -0.0136986301369863, -0.014285714285714285, -0.02666666666666667, -0.0547945205479452, -0.014285714285714285, -0.0273972602739726, -0.0684931506849315, 0.0, -0.06944444444444445, -0.05333333333333334, -0.13157894736842105, -0.0273972602739726, 0.0, -0.0136986301369863, -0.0821917808219178, 0.0, -0.013888888888888888, -0.04054054054054054, -0.0547945205479452, -0.05405405405405406, 0.0, -0.039473684210526314, -0.0273972602739726]
['velocity, 0.75', -0.1506849315068493, -0.013513513513513514, -0.02631578947368421, -0.04, -0.12162162162162163, -0.027777777777777776, 0.0, -0.25333333333333335, -0.10810810810810811, -0.0136986301369863, -0.3287671232876712, -0.0958904109589041, -0.013888888888888888, -0.014285714285714285, -0.013888888888888888, 0.0, -0.027777777777777776, -0.013888888888888888, -0.49333333333333335, -0.13513513513513514, -0.014285714285714285, -0.02702702702702703, -0.0273972602739726, -0.012987012987012988]
['velocity, 0.25, weight', -0.0273972602739726, -0.0547945205479452, -0.039473684210526314, 0.0, -0.09722222222222222, -0.08571428571428572, -0.0684931506849315, -0.08, -0.23684210526315788, -0.0547945205479452, -0.04, -0.013513513513513514, -0.09210526315789473, -0.04, -0.04, -0.0547945205479452, -0.013513513513513514, -0.013888888888888888, -0.1095890410958904, -0.05714285714285714, -0.04, -0.0273972602739726, -0.0821917808219178, -0.0273972602739726]
['velocity, 0.5, weight', -0.08571428571428572, -0.0273972602739726, -0.02666666666666667, -0.04, -0.02702702702702703, -0.04054054054054054, -0.11267605633802817, -0.07042253521126761, -0.05555555555555555, -0.0410958904109589, -0.0273972602739726, -0.10810810810810811, -0.02666666666666667, -0.0136986301369863, -0.027777777777777776, -0.0410958904109589, -0.0136986301369863, -0.02631578947368421, -0.013888888888888888, -0.06756756756756757, 0.0, -0.136986301369863, -0.05405405405405406, -0.013513513513513514]
['velocity, 0.75, weight', -0.05714285714285714, -0.21052631578947367, -0.0136986301369863, 0.0, -0.013513513513513514, -0.05194805194805195, -0.0273972602739726, 0.0, -0.6301369863013698, -0.0136986301369863, 0.0, -0.07142857142857142, -0.02857142857142857, -0.0547945205479452, -0.013888888888888888, -0.0547945205479452, -0.18055555555555555, -0.3150684931506849, 0.0, -0.0273972602739726, -0.012987012987012988, -0.1111111111111111, -0.041666666666666664, -0.027777777777777776]
['velocity, 0.25, weight, iP= 50\\%', -0.0410958904109589, -0.0410958904109589, -0.08108108108108109, -0.0410958904109589, -0.014285714285714285, -0.013513513513513514, -0.027777777777777776, -0.0410958904109589, -0.0136986301369863, -0.013513513513513514, -0.05405405405405406, -0.12, -0.014285714285714285, -0.1111111111111111, -0.06944444444444445, -0.05405405405405406, -0.0547945205479452, -0.05714285714285714, -0.0273972602739726, -0.1111111111111111, -0.041666666666666664, -0.0547945205479452, -0.13157894736842105, -0.0136986301369863]
['velocity, 0.5, weight, iP= 50\\%', -0.06756756756756757, -0.1095890410958904, -0.041666666666666664, -0.0958904109589041, -0.041666666666666664, -0.0547945205479452, -0.0821917808219178, -0.06578947368421052, -0.06756756756756757, -0.06578947368421052, -0.05263157894736842, -0.08333333333333333, -0.2535211267605634, -0.05405405405405406, -0.11267605633802817, -0.0273972602739726, -0.1095890410958904, -0.2054794520547945, -0.1095890410958904, -0.027777777777777776, -0.05405405405405406, -0.05333333333333334, -0.1095890410958904, -0.05405405405405406]
['velocity, 0.75, weight, iP= 50\\%', -0.04, -0.05405405405405406, -0.0410958904109589, -0.0958904109589041, -0.2638888888888889, -0.20833333333333334, -0.0273972602739726, -0.11428571428571428, -0.273972602739726, -0.0547945205479452, -0.17105263157894737, -0.1917808219178082, -0.10666666666666667, -0.06578947368421052, -0.014084507042253521, -0.08333333333333333, -0.0273972602739726, -0.05555555555555555, -0.2222222222222222, -0.15384615384615385, -0.0410958904109589, -0.0273972602739726, -0.10666666666666667, -0.06666666666666667]
