['velocity_Base', 0.07894736842105263, 0.0136986301369863, 0.02702702702702703, 0.05405405405405406, 0.06666666666666667, 0.05405405405405406, 0.0136986301369863, 0.05405405405405406, 0.09333333333333334, 0.013513513513513514, 0.014285714285714285, 0.014084507042253521, 0.0547945205479452, 0.0684931506849315, 0.0684931506849315, 0.02631578947368421, 0.0547945205479452, 0.014084507042253521, 0.05405405405405406, 0.014285714285714285, 0.0547945205479452, 0.06944444444444445, 0.014285714285714285, 0.0273972602739726]
['velocity_0.25', 0.04054054054054054, 0.0410958904109589, 0.014285714285714285, 0.07042253521126761, 0.0684931506849315, 0.0547945205479452, 0.02702702702702703, 0.04054054054054054, 0.04054054054054054, 0.0684931506849315, 0.0273972602739726, 0.04285714285714286, 0.02857142857142857, 0.014084507042253521, 0.013513513513513514, 0.0273972602739726, 0.02702702702702703, 0.08571428571428572, 0.013513513513513514, 0.1232876712328767, 0.0547945205479452, 0.02702702702702703, 0.0410958904109589, 0.028169014084507043]
['velocity_0.5', 0.19444444444444445, 0.125, 0.0641025641025641, 0.1891891891891892, 0.18421052631578946, 0.06944444444444445, 0.09722222222222222, 0.19444444444444445, 0.0958904109589041, 0.04054054054054054, 0.125, 0.05333333333333334, 0.1506849315068493, 0.06756756756756757, 0.10810810810810811, 0.2602739726027397, 0.12857142857142856, 0.2727272727272727, 0.12987012987012986, 0.012987012987012988, 0.18055555555555555, 0.06756756756756757, 0.09722222222222222, 0.32432432432432434]
['velocity_0.75', 0.273972602739726, 0.3287671232876712, 0.14084507042253522, 0.0958904109589041, 0.06756756756756757, 0.4027777777777778, 0.4, 0.25, 0.136986301369863, 0.11428571428571428, 0.11428571428571428, 0.3380281690140845, 0.1643835616438356, 0.013513513513513514, 0.09722222222222222, 0.18055555555555555, 0.29577464788732394, 0.12857142857142856, 0.3424657534246575, 0.38666666666666666, 0.410958904109589, 0.05714285714285714, 0.06666666666666667, 0.0821917808219178]
['velocity_0.25_w', 0.02702702702702703, 0.05333333333333334, 0.06666666666666667, 0.0821917808219178, 0.0684931506849315, 0.0547945205479452, 0.0136986301369863, 0.06944444444444445, 0.014084507042253521, 0.0547945205479452, 0.039473684210526314, 0.08571428571428572, 0.07042253521126761, 0.05333333333333334, 0.05263157894736842, 0.0410958904109589, 0.0821917808219178, 0.1111111111111111, 0.0410958904109589, 0.05333333333333334, 0.02702702702702703, 0.06666666666666667, 0.05333333333333334, 0.014285714285714285]
['velocity_0.5_w', 0.18571428571428572, 0.05714285714285714, 0.08571428571428572, 0.041666666666666664, 0.08450704225352113, 0.18309859154929578, 0.2, 0.136986301369863, 0.039473684210526314, 0.05714285714285714, 0.09859154929577464, 0.04285714285714286, 0.0684931506849315, 0.14666666666666667, 0.1232876712328767, 0.1232876712328767, 0.18421052631578946, 0.1095890410958904, 0.0273972602739726, 0.1095890410958904, 0.0958904109589041, 0.08571428571428572, 0.0945945945945946, 0.14666666666666667]
['velocity_0.75_w', 0.08, 0.38666666666666666, 0.0821917808219178, 0.28, 0.3783783783783784, 0.3472222222222222, 0.24285714285714285, 0.09722222222222222, 0.3424657534246575, 0.1643835616438356, 0.1111111111111111, 0.1780821917808219, 0.3287671232876712, 0.06756756756756757, 0.33766233766233766, 0.1917808219178082, 0.2191780821917808, 0.10810810810810811, 0.2857142857142857, 0.3, 0.1917808219178082, 0.3150684931506849, 0.06756756756756757, 0.0684931506849315]
['velocity_0.25_w_iP(50%)', 0.014285714285714285, 0.0547945205479452, 0.0136986301369863, 0.013513513513513514, 0.013157894736842105, 0.014285714285714285, 0.0684931506849315, 0.014285714285714285, 0.10256410256410256, 0.05263157894736842, 0.06578947368421052, 0.0136986301369863, 0.013888888888888888, 0.09090909090909091, 0.0136986301369863, 0.06666666666666667, 0.0547945205479452, 0.1111111111111111, 0.013888888888888888, 0.04225352112676056, 0.02702702702702703, 0.05405405405405406, 0.013513513513513514, 0.0136986301369863]
['velocity_0.5_w_iP(50%)', 0.06578947368421052, 0.22972972972972974, 0.08333333333333333, 0.19718309859154928, 0.05714285714285714, 0.11688311688311688, 0.16883116883116883, 0.05405405405405406, 0.18309859154929578, 0.1111111111111111, 0.0547945205479452, 0.16216216216216217, 0.04285714285714286, 0.0684931506849315, 0.06578947368421052, 0.10666666666666667, 0.0410958904109589, 0.05714285714285714, 0.06756756756756757, 0.1095890410958904, 0.20270270270270271, 0.0273972602739726, 0.0410958904109589, 0.05405405405405406]
['velocity_0.75_w_iP(50%)', 0.0410958904109589, 0.22972972972972974, 0.13157894736842105, 0.2777777777777778, 0.17333333333333334, 0.36363636363636365, 0.1095890410958904, 0.0684931506849315, 0.04225352112676056, 0.13333333333333333, 0.1095890410958904, 0.19444444444444445, 0.1282051282051282, 0.12987012987012986, 0.24285714285714285, 0.06944444444444445, 0.25675675675675674, 0.24324324324324326, 0.2602739726027397, 0.2702702702702703, 0.1527777777777778, 0.33783783783783783, 0.0273972602739726, 0.1917808219178082]
