['xalan, Baseline', -0.08098591549295775, -0.07023411371237458, -0.14130434782608695, -0.13131313131313133, -0.13220338983050847, -0.10377358490566038, -0.12462006079027356, -0.08253968253968254, -0.08904109589041095, -0.10197368421052631, -0.08414239482200647, -0.09385113268608414, -0.12091503267973856, -0.10835913312693499, -0.10670731707317073, -0.102803738317757, -0.047058823529411764, -0.087248322147651, -0.10139860139860139, -0.09597523219814241, -0.08441558441558442, -0.11145510835913312, -0.07885304659498207, -0.07861635220125786]
['xalan, 0.25', -0.12751677852348994, -0.02564102564102564, -0.10064935064935066, -0.156794425087108, -0.15286624203821655, -0.08143322475570032, -0.06440677966101695, -0.059375, -0.15072463768115943, -0.1806020066889632, -0.12982456140350876, -0.21316614420062696, -0.06143344709897611, -0.22044728434504793, -0.1476510067114094, -0.24496644295302014, -0.0738255033557047, -0.30743243243243246, -0.30612244897959184, -0.07508532423208192, -0.23248407643312102, -0.2892857142857143, -0.17088607594936708, -0.15517241379310345]
['xalan, 0.5', -0.5016722408026756, -0.3365695792880259, -0.08143322475570032, -0.09404388714733543, -0.21818181818181817, -0.13738019169329074, -0.08668730650154799, -0.07739938080495357, -0.1647940074906367, -0.07164179104477612, 0.0, -0.006756756756756757, -0.04716981132075472, -0.2214765100671141, -0.0031847133757961785, -0.02735562310030395, -0.16611295681063123, -0.20066889632107024, -0.17391304347826086, -0.2803738317757009, -0.13486842105263158, 0.0, -0.3389261744966443, -0.03048780487804878]
['xalan, 0.75', -0.07457627118644068, -0.01818181818181818, 0.0, -0.14385964912280702, -0.23778501628664495, -0.03942652329749104, 0.0, -0.09523809523809523, -0.09937888198757763, -0.006644518272425249, -0.003289473684210526, -0.381294964028777, -0.09876543209876543, -0.010869565217391304, -0.40625, -0.003067484662576687, -0.06481481481481481, -0.07516339869281045, -0.1206896551724138, -0.07936507936507936, -0.02622950819672131, -0.39375, 0.0, -0.020477815699658702]
['xalan, 0.25, weight', -0.3279742765273312, -0.24919093851132687, -0.08598726114649681, -0.18566775244299674, -0.1384083044982699, -0.11397058823529412, -0.3263888888888889, -0.12380952380952381, -0.18211920529801323, -0.24516129032258063, -0.07473309608540925, -0.057926829268292686, -0.09316770186335403, -0.13043478260869565, -0.1441717791411043, -0.14563106796116504, -0.2236842105263158, -0.17153284671532848, -0.19135802469135801, -0.23232323232323232, -0.26666666666666666, -0.06825938566552901, -0.2138728323699422, -0.18055555555555555]
['xalan, 0.5, weight', -0.011152416356877323, -0.1751592356687898, -0.10033444816053512, -0.0070921985815602835, -0.0031847133757961785, -0.19202898550724637, -0.26366559485530544, -0.04697986577181208, -0.13230769230769232, -0.003215434083601286, -0.2714285714285714, -0.42724458204334365, -0.1267123287671233, -0.18387096774193548, -0.08176100628930817, -0.4539877300613497, -0.006349206349206349, -0.3412969283276451, -0.00872093023255814, -0.26, -0.3769968051118211, -0.17475728155339806, -0.1564625850340136, -0.3122923588039867]
['xalan, 0.75, weight', -0.10774410774410774, -0.003389830508474576, -0.008955223880597015, -0.013157894736842105, -0.41455696202531644, -0.13694267515923567, -0.48398576512455516, -0.08362369337979095, -0.034375, -0.4019933554817276, -0.017123287671232876, -0.11764705882352941, -0.038461538461538464, 0.0, -0.014336917562724014, -0.42901234567901236, -0.363013698630137, -0.14935064935064934, -0.31715210355987056, -0.003125, -0.16723549488054607, -0.05194805194805195, -0.2633333333333333, -0.07142857142857142]
['xalan, 0.25, weight, iP= 50\\%', -0.14864864864864866, -0.14641744548286603, -0.10658307210031348, -0.19230769230769232, -0.12944983818770225, -0.14067278287461774, -0.14381270903010032, -0.16722408026755853, -0.10472972972972973, -0.09798270893371758, -0.1716171617161716, -0.1750841750841751, -0.13725490196078433, -0.09712230215827339, -0.08038585209003216, -0.1625, -0.22972972972972974, -0.11356466876971609, -0.2786885245901639, -0.12121212121212122, -0.17763157894736842, -0.09375, -0.10238907849829351, -0.18556701030927836]
['xalan, 0.5, weight, iP= 50\\%', -0.09375, -0.19413919413919414, -0.0880503144654088, -0.17791411042944785, -0.1447811447811448, -0.11258278145695365, -0.22666666666666666, -0.1182108626198083, -0.06501547987616099, -0.09090909090909091, -0.0912280701754386, -0.22185430463576158, -0.1958762886597938, -0.15, -0.1939799331103679, -0.3401360544217687, -0.17192982456140352, -0.11604095563139932, -0.22185430463576158, -0.18770226537216828, -0.18815331010452963, -0.23076923076923078, -0.17424242424242425, -0.11144578313253012]
['xalan, 0.75, weight, iP= 50\\%', -0.2743055555555556, -0.04316546762589928, -0.05161290322580645, -0.22185430463576158, -0.1501597444089457, -0.16891891891891891, -0.1501597444089457, -0.23003194888178913, -0.11594202898550725, -0.0726643598615917, -0.08571428571428572, -0.2640845070422535, -0.27796610169491526, -0.11884057971014493, -0.32673267326732675, -0.3388704318936877, -0.07886435331230283, -0.15666666666666668, -0.23367697594501718, -0.044673539518900345, -0.38485804416403785, -0.057692307692307696, -0.06109324758842444, -0.15460526315789475]
