['xalan_Base', 0.09414758269720101, 0.09156626506024096, 0.08333333333333333, 0.07281553398058252, 0.11302211302211303, 0.05121951219512195, 0.09350649350649351, 0.05808080808080808, 0.09156626506024096, 0.08163265306122448, 0.054455445544554455, 0.11027568922305764, 0.05808080808080808, 0.08333333333333333, 0.08080808080808081, 0.0906801007556675, 0.0798004987531172, 0.09414758269720101, 0.07052896725440806, 0.05808080808080808, 0.09414758269720101, 0.10643564356435643, 0.08333333333333333, 0.12259615384615384]
['xalan_0.25', 0.22921914357682618, 0.12098765432098765, 0.33249370277078083, 0.26424870466321243, 0.29975429975429974, 0.1848341232227488, 0.1561712846347607, 0.2781954887218045, 0.28061224489795916, 0.2144638403990025, 0.15656565656565657, 0.2262210796915167, 0.17105263157894737, 0.15903614457831325, 0.18509615384615385, 0.316622691292876, 0.2127659574468085, 0.35294117647058826, 0.2421875, 0.125, 0.2931937172774869, 0.24664879356568364, 0.12839506172839507, 0.25879396984924624]
['xalan_0.5', 0.2963855421686747, 0.356234096692112, 0.42036553524804177, 0.33587786259541985, 0.11838790931989925, 0.2358974358974359, 0.35384615384615387, 0.27611940298507465, 0.18840579710144928, 0.302158273381295, 0.3488372093023256, 0.3838120104438642, 0.38303341902313626, 0.5012658227848101, 0.28674698795180725, 0.25870646766169153, 0.4329896907216495, 0.5153846153846153, 0.30025445292620867, 0.25181598062953997, 0.2827763496143959, 0.2216867469879518, 0.14646464646464646, 0.19799498746867167]
['xalan_0.75', 0.43034825870646765, 0.5515587529976019, 0.2879581151832461, 0.361323155216285, 0.3060240963855422, 0.40302267002518893, 0.3596938775510204, 0.3112244897959184, 0.4423076923076923, 0.37823834196891193, 0.34102564102564104, 0.3246753246753247, 0.30049261083743845, 0.4014423076923077, 0.35459183673469385, 0.3193069306930693, 0.3050847457627119, 0.39095744680851063, 0.4832904884318766, 0.4065656565656566, 0.43333333333333335, 0.42962962962962964, 0.5544303797468354, 0.20865139949109415]
['xalan_0.25_w', 0.23383084577114427, 0.17857142857142858, 0.17433414043583534, 0.3518987341772152, 0.24427480916030533, 0.13975903614457832, 0.2, 0.2935323383084577, 0.2887700534759358, 0.19559902200489, 0.1708542713567839, 0.18689320388349515, 0.15196078431372548, 0.2358974358974359, 0.31443298969072164, 0.21374045801526717, 0.32717678100263853, 0.23514851485148514, 0.27860696517412936, 0.29238329238329236, 0.22794117647058823, 0.178743961352657, 0.20963855421686747, 0.3333333333333333]
['xalan_0.5_w', 0.40414507772020725, 0.272264631043257, 0.30357142857142855, 0.2890995260663507, 0.21794871794871795, 0.2717948717948718, 0.35844155844155845, 0.16161616161616163, 0.15517241379310345, 0.5063291139240507, 0.34328358208955223, 0.16262135922330098, 0.26666666666666666, 0.2960199004975124, 0.2606516290726817, 0.32107843137254904, 0.3050847457627119, 0.46055979643765904, 0.29156626506024097, 0.30788804071246817, 0.2805194805194805, 0.2706766917293233, 0.1318407960199005, 0.2236180904522613]
['xalan_0.75_w', 0.25907990314769974, 0.29015544041450775, 0.35368956743002544, 0.2335958005249344, 0.27371273712737126, 0.5822784810126582, 0.11491442542787286, 0.34986945169712796, 0.48129675810473815, 0.23383084577114427, 0.23227383863080683, 0.44783715012722647, 0.4831168831168831, 0.19907407407407407, 0.5949367088607594, 0.39598997493734334, 0.23017902813299232, 0.509090909090909, 0.3733681462140992, 0.38341968911917096, 0.3382352941176471, 0.2860696517412935, 0.2853598014888337, 0.3038277511961722]
['xalan_0.25_w_iP(50%)', 0.1544502617801047, 0.1309823677581864, 0.10224438902743142, 0.1649214659685864, 0.10723860589812333, 0.1717948717948718, 0.16624685138539042, 0.14138817480719795, 0.0815347721822542, 0.12435233160621761, 0.1941031941031941, 0.16753926701570682, 0.1782178217821782, 0.1079136690647482, 0.08644859813084112, 0.20802005012531327, 0.1949367088607595, 0.0891566265060241, 0.1180722891566265, 0.08395061728395062, 0.1503957783641161, 0.0691358024691358, 0.16417910447761194, 0.15267175572519084]
['xalan_0.5_w_iP(50%)', 0.1566265060240964, 0.15324675324675324, 0.13734939759036144, 0.23116883116883116, 0.12048192771084337, 0.09919571045576407, 0.23587223587223588, 0.09975062344139651, 0.1598984771573604, 0.0819277108433735, 0.11886304909560723, 0.1566579634464752, 0.09975062344139651, 0.14805194805194805, 0.11794871794871795, 0.1691542288557214, 0.10696517412935323, 0.21497584541062803, 0.11547911547911548, 0.11979166666666667, 0.07389162561576355, 0.09113300492610837, 0.15681233933161953, 0.15538847117794485]
['xalan_0.75_w_iP(50%)', 0.1712846347607053, 0.06265060240963856, 0.072992700729927, 0.18686868686868688, 0.07090464547677261, 0.14354066985645933, 0.13930348258706468, 0.2077922077922078, 0.2064676616915423, 0.0982367758186398, 0.13421052631578947, 0.12558139534883722, 0.11557788944723618, 0.1691542288557214, 0.1928020565552699, 0.2518518518518518, 0.24202127659574468, 0.15151515151515152, 0.14427860696517414, 0.14532019704433496, 0.2602040816326531, 0.10945273631840796, 0.14035087719298245, 0.16824644549763032]
