['xerces_Base', 0.09090909090909091, 0.06395348837209303, 0.11764705882352941, 0.0967741935483871, 0.08620689655172414, 0.08379888268156424, 0.08670520231213873, 0.11602209944751381, 0.09340659340659341, 0.1329479768786127, 0.09259259259259259, 0.07909604519774012, 0.07006369426751592, 0.07179487179487179, 0.06666666666666667, 0.08982035928143713, 0.10588235294117647, 0.1286549707602339, 0.10650887573964497, 0.07386363636363637, 0.07262569832402235, 0.13402061855670103, 0.10778443113772455, 0.07344632768361582]
['xerces_0.25', 0.2894736842105263, 0.32335329341317365, 0.30952380952380953, 0.2839506172839506, 0.09146341463414634, 0.17582417582417584, 0.2553191489361702, 0.10382513661202186, 0.13068181818181818, 0.17073170731707318, 0.18848167539267016, 0.27011494252873564, 0.22023809523809523, 0.16230366492146597, 0.08, 0.11173184357541899, 0.20304568527918782, 0.09782608695652174, 0.13368983957219252, 0.07738095238095238, 0.11377245508982035, 0.140625, 0.15606936416184972, 0.1276595744680851]
['xerces_0.5', 0.24444444444444444, 0.22988505747126436, 0.25806451612903225, 0.25555555555555554, 0.3815028901734104, 0.3202247191011236, 0.05747126436781609, 0.2469879518072289, 0.2057142857142857, 0.266304347826087, 0.3854748603351955, 0.46060606060606063, 0.24630541871921183, 0.17801047120418848, 0.20855614973262032, 0.2849462365591398, 0.3028571428571429, 0.16831683168316833, 0.31443298969072164, 0.1793478260869565, 0.27011494252873564, 0.35384615384615387, 0.2810810810810811, 0.08465608465608465]
['xerces_0.75', 0.5748502994011976, 0.43636363636363634, 0.39106145251396646, 0.45652173913043476, 0.33152173913043476, 0.5113636363636364, 0.2972972972972973, 0.4764705882352941, 0.4479166666666667, 0.43548387096774194, 0.4293785310734463, 0.3891891891891892, 0.43243243243243246, 0.23626373626373626, 0.5, 0.24561403508771928, 0.2085889570552147, 0.10497237569060773, 0.43157894736842106, 0.5862068965517241, 0.28, 0.3314917127071823, 0.3933333333333333, 0.3105263157894737]
['xerces_0.25_w', 0.12087912087912088, 0.25, 0.08743169398907104, 0.18947368421052632, 0.19642857142857142, 0.19879518072289157, 0.34, 0.12, 0.2127659574468085, 0.0893854748603352, 0.2727272727272727, 0.175, 0.2358974358974359, 0.15168539325842698, 0.10191082802547771, 0.19642857142857142, 0.1834319526627219, 0.07344632768361582, 0.08823529411764706, 0.28313253012048195, 0.15822784810126583, 0.3076923076923077, 0.20408163265306123, 0.10526315789473684]
['xerces_0.5_w', 0.23626373626373626, 0.21818181818181817, 0.24855491329479767, 0.25139664804469275, 0.15555555555555556, 0.430939226519337, 0.2702702702702703, 0.24338624338624337, 0.3496932515337423, 0.2964824120603015, 0.22404371584699453, 0.18823529411764706, 0.3089887640449438, 0.1657142857142857, 0.17475728155339806, 0.17857142857142858, 0.2087378640776699, 0.1694915254237288, 0.1962025316455696, 0.08875739644970414, 0.13259668508287292, 0.16766467065868262, 0.30857142857142855, 0.20526315789473684]
['xerces_0.75_w', 0.28888888888888886, 0.5463917525773195, 0.32275132275132273, 0.2529411764705882, 0.5054945054945055, 0.6179775280898876, 0.4853801169590643, 0.21666666666666667, 0.3300970873786408, 0.4, 0.3546511627906977, 0.38125, 0.09947643979057591, 0.49375, 0.4050632911392405, 0.2983425414364641, 0.3575757575757576, 0.3465909090909091, 0.2786885245901639, 0.33516483516483514, 0.48044692737430167, 0.4658385093167702, 0.3620689655172414, 0.4143646408839779]
['xerces_0.25_w_iP(50%)', 0.11290322580645161, 0.12222222222222222, 0.08888888888888889, 0.16167664670658682, 0.11834319526627218, 0.12365591397849462, 0.0797872340425532, 0.11235955056179775, 0.06432748538011696, 0.11049723756906077, 0.09090909090909091, 0.1452513966480447, 0.10752688172043011, 0.1896551724137931, 0.10795454545454546, 0.07253886010362694, 0.15625, 0.15168539325842698, 0.03488372093023256, 0.11891891891891893, 0.13636363636363635, 0.16265060240963855, 0.19393939393939394, 0.07386363636363637]
['xerces_0.5_w_iP(50%)', 0.0875, 0.14772727272727273, 0.3812154696132597, 0.12849162011173185, 0.08045977011494253, 0.22941176470588234, 0.10106382978723404, 0.14906832298136646, 0.12299465240641712, 0.02185792349726776, 0.2032967032967033, 0.10975609756097561, 0.03910614525139665, 0.1896551724137931, 0.23243243243243245, 0.06321839080459771, 0.08, 0.21649484536082475, 0.12582781456953643, 0.1839080459770115, 0.17751479289940827, 0.11235955056179775, 0.10285714285714286, 0.10497237569060773]
['xerces_0.75_w_iP(50%)', 0.15168539325842698, 0.24175824175824176, 0.18518518518518517, 0.09941520467836257, 0.15853658536585366, 0.17486338797814208, 0.3277777777777778, 0.21893491124260356, 0.2023121387283237, 0.42105263157894735, 0.22994652406417113, 0.24858757062146894, 0.10891089108910891, 0.17801047120418848, 0.13513513513513514, 0.16574585635359115, 0.3076923076923077, 0.2596685082872928, 0.09142857142857143, 0.22988505747126436, 0.3224043715846995, 0.32558139534883723, 0.3979591836734694, 0.24561403508771928]
