['xerces, Baseline', -0.04216867469879518, -0.10227272727272728, -0.08421052631578947, -0.065, -0.10112359550561797, -0.10194174757281553, -0.07526881720430108, -0.06951871657754011, -0.057971014492753624, -0.11737089201877934, -0.06666666666666667, -0.046511627906976744, -0.05434782608695652, -0.05759162303664921, -0.08376963350785341, -0.05853658536585366, -0.05102040816326531, -0.05128205128205128, -0.053763440860215055, -0.06565656565656566, -0.06701030927835051, -0.026455026455026454, -0.06741573033707865, -0.040229885057471264]
['xerces, 0.25', -0.24550898203592814, -0.2824858757062147, -0.42613636363636365, -0.19886363636363635, -0.06470588235294118, -0.07853403141361257, -0.45789473684210524, -0.07692307692307693, -0.17391304347826086, 0.0, -0.6648351648351648, -0.41450777202072536, -0.2789473684210526, -0.3399014778325123, -0.06132075471698113, -0.02127659574468085, -0.4105263157894737, -0.3798076923076923, -0.05142857142857143, -0.5111111111111111, -0.2780487804878049, -0.2903225806451613, -0.015463917525773196, -0.18041237113402062]
['xerces, 0.5', -0.7288135593220338, 0.0, -0.07784431137724551, -0.11834319526627218, -0.235, -0.14835164835164835, 0.0, -0.005681818181818182, -0.4097560975609756, -0.15819209039548024, -0.1282051282051282, -0.010362694300518135, -0.305, -0.7395833333333334, -0.328125, 0.0, -0.6451612903225806, -0.6526315789473685, -0.01015228426395939, 0.0, -0.4573170731707317, -0.1377551020408163, -0.3602150537634409, -0.0891089108910891]
['xerces, 0.75', 0.0, -0.04046242774566474, -0.005235602094240838, -0.005434782608695652, -0.017142857142857144, -0.004975124378109453, -0.022727272727272728, 0.0, 0.0, 0.0, -0.15675675675675677, -0.01951219512195122, 0.0, -0.011235955056179775, -0.08994708994708994, -0.8021978021978022, -0.6223404255319149, -0.7098445595854922, 0.0, -0.8686868686868687, -0.5056818181818182, -0.00980392156862745, -0.014705882352941176, -0.4585365853658537]
['xerces, 0.25, weight', -0.05625, -0.372972972972973, -0.28217821782178215, 0.0, -0.41578947368421054, -0.5, -0.2222222222222222, -0.2617801047120419, -0.34183673469387754, -0.14583333333333334, -0.4973544973544973, -0.49, -0.2849162011173184, -0.3444976076555024, -0.023809523809523808, -0.04891304347826087, -0.09782608695652174, -0.6153846153846154, -0.1511627906976744, -0.17346938775510204, -0.23030303030303031, -0.29714285714285715, -0.2403846153846154, -0.3285024154589372]
['xerces, 0.5, weight', -0.4521276595744681, -0.04040404040404041, -0.2441860465116279, -0.004608294930875576, -0.2894736842105263, -0.005291005291005291, -0.005747126436781609, -0.1875, -0.43010752688172044, -0.06521739130434782, -0.19444444444444445, -0.5714285714285714, -0.7206703910614525, 0.0, -0.04639175257731959, -0.36464088397790057, -0.576271186440678, -0.005076142131979695, -0.3247422680412371, -0.42696629213483145, -0.025510204081632654, -0.29714285714285715, -0.010362694300518135, -0.04522613065326633]
['xerces, 0.75, weight', -0.005263157894736842, -0.1411764705882353, -0.13812154696132597, -0.026041666666666668, -0.19576719576719576, 0.0, -0.32673267326732675, -0.0051813471502590676, 0.0, -0.6610169491525424, -0.015873015873015872, 0.0, -0.005555555555555556, -0.043243243243243246, -0.04678362573099415, -0.08629441624365482, -0.26737967914438504, 0.0, 0.0, -0.37142857142857144, 0.0, -0.7711442786069652, -0.8512820512820513, -0.5123456790123457]
['xerces, 0.25, weight, iP= 50\\%', -0.2356020942408377, -0.08823529411764706, -0.3316831683168317, -0.055865921787709494, -0.14285714285714285, -0.04419889502762431, -0.017142857142857144, -0.11475409836065574, -0.11666666666666667, -0.11229946524064172, -0.12371134020618557, -0.02631578947368421, -0.15789473684210525, -0.0989010989010989, -0.23333333333333334, -0.02617801047120419, -0.19889502762430938, -0.08762886597938144, -0.06829268292682927, 0.0, -0.20100502512562815, -0.10404624277456648, -0.09714285714285714, -0.31216931216931215]
['xerces, 0.5, weight, iP= 50\\%', -0.10714285714285714, -0.03296703296703297, -0.11330049261083744, -0.24193548387096775, -0.11494252873563218, -0.14583333333333334, -0.07471264367816093, -0.019704433497536946, -0.02824858757062147, -0.2529411764705882, -0.3817204301075269, -0.30857142857142855, -0.03296703296703297, -0.004901960784313725, -0.06486486486486487, 0.0, -0.023121387283236993, -0.010752688172043012, -0.045454545454545456, -0.0106951871657754, -0.5268817204301075, -0.005263157894736842, -0.005263157894736842, -0.13930348258706468]
['xerces, 0.75, weight, iP= 50\\%', -0.05472636815920398, -0.31351351351351353, -0.1366120218579235, -0.005291005291005291, -0.043478260869565216, -0.04142011834319527, -0.3711340206185567, -0.005263157894736842, -0.17616580310880828, -0.01098901098901099, -0.6966292134831461, -0.047619047619047616, -0.28292682926829266, -0.32, -0.0335195530726257, 0.0, -0.08955223880597014, -0.040229885057471264, -0.09183673469387756, -0.025252525252525252, -0.1134020618556701, -0.010638297872340425, -0.15228426395939088, -0.010362694300518135]
