['Base', 1.0, 1.0, 1.0, 1.0, 1.0, 1.0, 1.0, 1.0, 1.0, 1.0, 1.0, 1.0, 1.0, 1.0, 1.0, 1.0, 1.0, 1.0, 1.0, 1.0, 1.0, 1.0, 1.0, 1.0] , 90.0
['0.25-weight', 0.93333333333333335, 0.90000000000000002, 0.90000000000000002, 0.89655172413793105, 0.91954022988505746, 0.85555555555555551, 0.96551724137931039, 0.92222222222222228, 0.94252873563218387, 0.94252873563218387, 0.94252873563218387, 0.96666666666666667, 0.88888888888888884, 0.82222222222222219, 0.96666666666666667, 0.8666666666666667, 0.87777777777777777, 0.92222222222222228, 0.91111111111111109, 0.93103448275862066, 0.91954022988505746, 0.96666666666666667, 0.92222222222222228, 0.91954022988505746] , 81.5
['0.5-weight', 0.90000000000000002, 0.72222222222222221, 0.93333333333333335, 0.87777777777777777, 0.92222222222222228, 0.80000000000000004, 0.69999999999999996, 0.75862068965517238, 0.82222222222222219, 0.88505747126436785, 0.88888888888888884, 0.94252873563218387, 0.8666666666666667, 0.77777777777777779, 0.97701149425287359, 0.78888888888888886, 0.90000000000000002, 0.91954022988505746, 0.7816091954022989, 0.87777777777777777, 0.72222222222222221, 0.73333333333333328, 0.66666666666666663, 0.95402298850574707] , 77.5
['0.75-weight', 0.69999999999999996, 0.89655172413793105, 0.88888888888888884, 0.74712643678160917, 0.73333333333333328, 0.71264367816091956, 0.90804597701149425, 0.58888888888888891, 0.60919540229885061, 0.55555555555555558, 0.82222222222222219, 0.58888888888888891, 0.64444444444444449, 0.71264367816091956, 0.59999999999999998, 0.68888888888888888, 0.77011494252873558, 0.88888888888888884, 0.65555555555555556, 0.63218390804597702, 0.8666666666666667, 0.75862068965517238, 0.65517241379310343, 0.55172413793103448] , 62.0
['0.25-weight-B=25\\%', 0.96551724137931039, 0.9885057471264368, 1.0, 0.98888888888888893, 1.0, 0.98888888888888893, 0.98888888888888893, 1.0, 0.9555555555555556, 0.98888888888888893, 0.94444444444444442, 0.9885057471264368, 0.94444444444444442, 0.98888888888888893, 0.9885057471264368, 1.0, 0.98888888888888893, 1.0, 0.98888888888888893, 1.0, 0.96551724137931039, 0.9885057471264368, 1.0, 0.94444444444444442] , 87.0
['0.25-weight-B=50\\%', 1.0, 0.97777777777777775, 0.96666666666666667, 0.9555555555555556, 0.9555555555555556, 0.93333333333333335, 0.9555555555555556, 0.97777777777777775, 0.97701149425287359, 0.96666666666666667, 1.0, 1.0, 0.9555555555555556, 0.98888888888888893, 0.9555555555555556, 0.94252873563218387, 0.93333333333333335, 0.94252873563218387, 0.9555555555555556, 0.96666666666666667, 0.98888888888888893, 0.93333333333333335, 0.94444444444444442, 0.98888888888888893] , 86.0
['0.5-weight-B=25\\%', 0.9555555555555556, 0.9555555555555556, 0.91111111111111109, 0.97777777777777775, 0.93333333333333335, 1.0, 0.88888888888888884, 0.98888888888888893, 1.0, 0.97777777777777775, 1.0, 0.95402298850574707, 0.93333333333333335, 0.96666666666666667, 0.91111111111111109, 0.98888888888888893, 0.92222222222222228, 0.9885057471264368, 0.97701149425287359, 1.0, 0.93333333333333335, 1.0, 0.93103448275862066, 0.98888888888888893] , 86.0
['0.5-weight-B=50\\%', 0.96666666666666667, 0.87356321839080464, 0.96551724137931039, 0.96666666666666667, 0.88888888888888884, 0.89655172413793105, 0.98888888888888893, 0.94252873563218387, 0.83908045977011492, 0.95402298850574707, 0.91111111111111109, 0.96551724137931039, 0.93333333333333335, 0.93103448275862066, 0.85555555555555551, 0.87356321839080464, 0.82222222222222219, 0.87356321839080464, 0.90804597701149425, 0.94444444444444442, 0.8666666666666667, 0.92222222222222228, 0.8666666666666667, 0.89655172413793105] , 80.5
['0.75-weight-B=25\\%', 0.88505747126436785, 0.98888888888888893, 0.98888888888888893, 0.96551724137931039, 0.93103448275862066, 0.9885057471264368, 0.98888888888888893, 0.93103448275862066, 0.90000000000000002, 0.88888888888888884, 0.91954022988505746, 0.91111111111111109, 0.82222222222222219, 0.87777777777777777, 0.97777777777777775, 0.94444444444444442, 0.98888888888888893, 0.97701149425287359, 0.94252873563218387, 1.0, 0.8666666666666667, 0.98888888888888893, 0.88505747126436785, 0.91954022988505746] , 82.0
['0.75-weight-B=50\\%', 0.78888888888888886, 0.94252873563218387, 0.84444444444444444, 0.87777777777777777, 0.96666666666666667, 0.98888888888888893, 0.95402298850574707, 0.82222222222222219, 0.91954022988505746, 0.9555555555555556, 0.89655172413793105, 0.91111111111111109, 0.83333333333333337, 0.91111111111111109, 0.94252873563218387, 0.94444444444444442, 0.83333333333333337, 0.97701149425287359, 0.85555555555555551, 0.89655172413793105, 0.93333333333333335, 0.96551724137931039, 0.85555555555555551, 0.92222222222222228] , 82.0
