['ant, Baseline', -0.14285714285714285, -0.14285714285714285, -0.10526315789473684, -0.10526315789473684, -0.10526315789473684, -0.14285714285714285, -0.14285714285714285, -0.14285714285714285, -0.10526315789473684, -0.10526315789473684, -0.14285714285714285, -0.10526315789473684, -0.14285714285714285, -0.14285714285714285, -0.14285714285714285, -0.14285714285714285, -0.10526315789473684, -0.14285714285714285, -0.13402061855670103, -0.10526315789473684, -0.14285714285714285, -0.14285714285714285, -0.14285714285714285, -0.10526315789473684]
['ant, 0.25', -0.31958762886597936, -0.30927835051546393, -0.2755102040816326, -0.2736842105263158, -0.3157894736842105, -0.336734693877551, -0.18947368421052632, -0.3684210526315789, -0.12631578947368421, -0.30927835051546393, -0.35789473684210527, -0.29473684210526313, -0.23469387755102042, -0.29473684210526313, -0.1958762886597938, -0.25510204081632654, -0.3473684210526316, -0.2653061224489796, -0.25263157894736843, -0.2631578947368421, -0.1368421052631579, -0.3368421052631579, -0.24489795918367346, -0.29896907216494845]
['ant, 0.5', -0.29896907216494845, -0.2736842105263158, -0.30526315789473685, -0.1836734693877551, -0.41836734693877553, -0.29473684210526313, -0.3263157894736842, -0.3877551020408163, -0.4387755102040816, -0.36082474226804123, -0.36082474226804123, -0.37755102040816324, -0.37894736842105264, -0.28421052631578947, -0.3163265306122449, -0.3368421052631579, -0.23157894736842105, -0.3473684210526316, -0.2631578947368421, -0.28421052631578947, -0.23469387755102042, -0.37894736842105264, -0.30526315789473685, -0.32653061224489793]
['ant, 0.75', -0.3368421052631579, -0.42105263157894735, -0.4897959183673469, -0.23711340206185566, -0.22105263157894736, -0.35789473684210527, -0.2755102040816326, -0.3163265306122449, -0.2857142857142857, -0.4489795918367347, -0.18947368421052632, -0.3894736842105263, -0.5473684210526316, -0.6105263157894737, -0.6082474226804123, -0.3469387755102041, -0.15306122448979592, -0.30612244897959184, -0.23711340206185566, -0.45918367346938777, -0.35789473684210527, -0.08421052631578947, -0.46938775510204084, -0.30526315789473685]
['ant, 0.25, weight', -0.30526315789473685, -0.24742268041237114, -0.2736842105263158, -0.3368421052631579, -0.23711340206185566, -0.32989690721649484, -0.32989690721649484, -0.3163265306122449, -0.25510204081632654, -0.17346938775510204, -0.17894736842105263, -0.28421052631578947, -0.19387755102040816, -0.21052631578947367, -0.3368421052631579, -0.20408163265306123, -0.3684210526315789, -0.30612244897959184, -0.29591836734693877, -0.29473684210526313, -0.30526315789473685, -0.32653061224489793, -0.1368421052631579, -0.3402061855670103]
['ant, 0.5, weight', -0.35789473684210527, -0.4020618556701031, -0.1836734693877551, -0.23157894736842105, -0.35789473684210527, -0.3402061855670103, -0.4105263157894737, -0.3402061855670103, -0.2268041237113402, -0.3894736842105263, -0.28421052631578947, -0.3368421052631579, -0.3263157894736842, -0.2736842105263158, -0.2653061224489796, -0.38144329896907214, -0.3917525773195876, -0.30526315789473685, -0.4742268041237113, -0.35051546391752575, -0.3979591836734694, -0.4105263157894737, -0.15789473684210525, -0.4329896907216495]
['ant, 0.75, weight', -0.28421052631578947, -0.24742268041237114, -0.15306122448979592, -0.5578947368421052, -0.11578947368421053, -0.10309278350515463, -0.45263157894736844, -0.4105263157894737, -0.4489795918367347, -0.12631578947368421, -0.08163265306122448, -0.5204081632653061, -0.12631578947368421, -0.3469387755102041, -0.4105263157894737, -0.5894736842105263, -0.041237113402061855, -0.22105263157894736, -0.5408163265306123, -0.4842105263157895, -0.5263157894736842, -0.2857142857142857, -0.49473684210526314, -0.3473684210526316]
['ant, 0.25, weight, iP= 50\\%', -0.25510204081632654, -0.12631578947368421, -0.3263157894736842, -0.3473684210526316, -0.3473684210526316, -0.18947368421052632, -0.26804123711340205, -0.23711340206185566, -0.17346938775510204, -0.28421052631578947, -0.2736842105263158, -0.3157894736842105, -0.24489795918367346, -0.3163265306122449, -0.17894736842105263, -0.1368421052631579, -0.28421052631578947, -0.31958762886597936, -0.23469387755102042, -0.12631578947368421, -0.16326530612244897, -0.2736842105263158, -0.18556701030927836, -0.14736842105263157]
['ant, 0.5, weight, iP= 50\\%', -0.3673469387755102, -0.2268041237113402, -0.3163265306122449, -0.23469387755102042, -0.2631578947368421, -0.18947368421052632, -0.25263157894736843, -0.30526315789473685, -0.28865979381443296, -0.336734693877551, -0.3157894736842105, -0.3402061855670103, -0.3368421052631579, -0.23469387755102042, -0.12631578947368421, -0.3402061855670103, -0.3163265306122449, -0.1368421052631579, -0.3473684210526316, -0.2631578947368421, -0.25263157894736843, -0.29473684210526313, -0.3163265306122449, -0.23157894736842105]
['ant, 0.75, weight, iP= 50\\%', -0.35789473684210527, -0.29473684210526313, -0.24742268041237114, -0.45918367346938777, -0.4, -0.16494845360824742, -0.2736842105263158, -0.2755102040816326, -0.21428571428571427, -0.35789473684210527, -0.15463917525773196, -0.18947368421052632, -0.3711340206185567, -0.16842105263157894, -0.2653061224489796, -0.4631578947368421, -0.2736842105263158, -0.3711340206185567, -0.29591836734693877, -0.1134020618556701, -0.4105263157894737, -0.25263157894736843, -0.1368421052631579, -0.3979591836734694]
