['ant, Base', -0.14285714285714285, -0.10526315789473684, -0.14285714285714285, -0.14285714285714285, -0.14285714285714285, -0.14285714285714285, -0.10526315789473684, -0.14285714285714285, -0.10526315789473684, -0.14285714285714285, -0.10526315789473684, -0.14285714285714285, -0.10526315789473684, -0.10526315789473684, -0.14285714285714285, -0.10526315789473684, -0.14285714285714285, -0.13402061855670103, -0.10526315789473684, -0.10526315789473684, -0.13402061855670103, -0.14285714285714285, -0.10526315789473684, -0.10526315789473684]
['ant, 0.25', -0.30526315789473685, -0.3673469387755102, -0.2857142857142857, -0.2736842105263158, -0.3673469387755102, -0.11578947368421053, -0.35714285714285715, -0.3368421052631579, -0.2857142857142857, -0.25263157894736843, -0.29473684210526313, -0.3469387755102041, -0.3263157894736842, -0.24210526315789474, -0.30612244897959184, -0.3157894736842105, -0.30526315789473685, -0.3402061855670103, -0.2755102040816326, -0.23157894736842105, -0.2857142857142857, -0.3263157894736842, -0.3684210526315789, -0.3263157894736842]
['ant, 0.5', -0.29473684210526313, -0.30612244897959184, 0.0, -0.5, -0.42857142857142855, -0.26804123711340205, -0.3263157894736842, -0.23157894736842105, -0.2, -0.23469387755102042, -0.10526315789473684, -0.3684210526315789, -0.3157894736842105, -0.16494845360824742, -0.35714285714285715, -0.25263157894736843, -0.41836734693877553, -0.3469387755102041, -0.45263157894736844, -0.30526315789473685, -0.23157894736842105, -0.14432989690721648, -0.31958762886597936, -0.021052631578947368]
['ant, 0.75', -0.25510204081632654, -0.4421052631578947, -0.2736842105263158, -0.24210526315789474, -0.3473684210526316, -0.2631578947368421, -0.21052631578947367, -0.35789473684210527, -0.12244897959183673, -0.3877551020408163, -0.12631578947368421, -0.061224489795918366, -0.22448979591836735, -0.18947368421052632, -0.2631578947368421, -0.12244897959183673, -0.5102040816326531, -0.07142857142857142, -0.4897959183673469, -0.09183673469387756, -0.6105263157894737, -0.23469387755102042, -0.06315789473684211, -0.08247422680412371]
['ant, 0.25, weight', -0.3473684210526316, -0.37755102040816324, -0.2653061224489796, -0.3473684210526316, -0.32653061224489793, -0.3263157894736842, -0.22105263157894736, -0.336734693877551, -0.30526315789473685, -0.3684210526315789, -0.3368421052631579, -0.3368421052631579, -0.22105263157894736, -0.24489795918367346, -0.3684210526315789, -0.30526315789473685, -0.3368421052631579, -0.32989690721649484, -0.3684210526315789, -0.3473684210526316, -0.2857142857142857, -0.29896907216494845, -0.29591836734693877, -0.45918367346938777]
['ant, 0.5, weight', -0.16842105263157894, -0.42105263157894735, -0.3469387755102041, -0.3684210526315789, -0.30526315789473685, -0.40816326530612246, -0.24742268041237114, -0.3157894736842105, -0.35789473684210527, -0.24489795918367346, -0.2631578947368421, -0.45263157894736844, -0.010526315789473684, -0.02040816326530612, -0.24489795918367346, -0.16842105263157894, -0.30927835051546393, -0.6, -0.19387755102040816, -0.30612244897959184, -0.3979591836734694, -0.12244897959183673, -0.021052631578947368, -0.2]
['ant, 0.75, weight', 0.0, -0.05154639175257732, -0.35714285714285715, -0.06315789473684211, -0.010309278350515464, -0.7368421052631579, -0.5051546391752577, -0.042105263157894736, -0.09473684210526316, -0.30526315789473685, -0.09183673469387756, -0.30612244897959184, -0.25510204081632654, -0.7263157894736842, -0.030612244897959183, -0.24210526315789474, -0.25263157894736843, -0.2755102040816326, -0.42857142857142855, -0.07368421052631578, -0.061855670103092786, -0.5714285714285714, -0.29591836734693877, -0.4387755102040816]
['ant, 0.25, weight, iP= 50\\%', -0.25773195876288657, -0.15789473684210525, -0.2, -0.30526315789473685, -0.29591836734693877, -0.17894736842105263, -0.32989690721649484, -0.3163265306122449, -0.2, -0.25510204081632654, -0.29591836734693877, -0.21052631578947367, -0.16842105263157894, -0.2857142857142857, -0.21052631578947367, -0.21052631578947367, -0.2631578947368421, -0.12631578947368421, -0.2755102040816326, -0.2, -0.22448979591836735, -0.24489795918367346, -0.17346938775510204, -0.3163265306122449]
['ant, 0.5, weight, iP= 50\\%', -0.2631578947368421, -0.3163265306122449, -0.29896907216494845, -0.24210526315789474, -0.4631578947368421, -0.14736842105263157, -0.17894736842105263, -0.08421052631578947, -0.3894736842105263, -0.21052631578947367, -0.23157894736842105, -0.30927835051546393, -0.29896907216494845, -0.32989690721649484, -0.2, -0.10526315789473684, -0.2631578947368421, -0.30612244897959184, -0.2857142857142857, -0.36082474226804123, -0.27835051546391754, -0.17894736842105263, -0.2736842105263158, -0.24210526315789474]
['ant, 0.75, weight, iP= 50\\%', -0.26804123711340205, -0.16326530612244897, -0.26804123711340205, -0.3157894736842105, -0.2755102040816326, -0.06315789473684211, -0.4020618556701031, -0.07368421052631578, -0.21052631578947367, -0.26804123711340205, -0.14432989690721648, -0.17894736842105263, -0.21428571428571427, -0.16842105263157894, -0.12371134020618557, -0.08421052631578947, -0.45918367346938777, -0.16494845360824742, -0.41836734693877553, -0.17894736842105263, -0.14736842105263157, -0.5789473684210527, -0.29591836734693877, -0.21428571428571427]
