['camel, Base', -0.15, -0.15, -0.14942528735632185, -0.11330049261083744, -0.22119815668202766, -0.14213197969543148, -0.11822660098522167, -0.15, -0.15, -0.10050251256281408, -0.14942528735632185, -0.15, -0.18095238095238095, -0.11822660098522167, -0.11822660098522167, -0.1206896551724138, -0.18095238095238095, -0.18095238095238095, -0.14942528735632185, -0.11822660098522167, -0.18095238095238095, -0.15, -0.14942528735632185, -0.10050251256281408]
['camel, 0.25', -0.14761904761904762, -0.12442396313364056, -0.10344827586206896, -0.1380952380952381, -0.2, -0.1382488479262673, -0.21674876847290642, -0.11494252873563218, -0.1761904761904762, -0.11330049261083744, -0.17587939698492464, -0.21264367816091953, -0.09359605911330049, -0.08620689655172414, -0.11428571428571428, -0.18095238095238095, -0.25, -0.13714285714285715, -0.15714285714285714, -0.2111111111111111, -0.15207373271889402, -0.14285714285714285, -0.15555555555555556, -0.25862068965517243]
['camel, 0.5', -0.047619047619047616, -0.11059907834101383, -0.10952380952380952, -0.03888888888888889, -0.15, -0.029556650246305417, 0.0, 0.0, -0.15517241379310345, -0.06403940886699508, -0.24571428571428572, -0.10344827586206896, -0.16666666666666666, -0.08095238095238096, -0.14444444444444443, -0.010050251256281407, -0.004608294930875576, -0.07142857142857142, -0.12222222222222222, -0.15, -0.07142857142857142, -0.1, -0.1380952380952381, -0.27011494252873564]
['camel, 0.75', 0.0, 0.0, -0.06111111111111111, 0.0, -0.1781609195402299, 0.0, -0.019704433497536946, -0.020100502512562814, -0.017142857142857144, -0.14444444444444443, -0.12777777777777777, 0.0, -0.15, -0.03333333333333333, -0.005025125628140704, -0.14285714285714285, 0.0, -0.08095238095238096, -0.12807881773399016, -0.29714285714285715, -0.09047619047619047, -0.16666666666666666, -0.07222222222222222, -0.10285714285714286]
['camel, 0.25, weight', -0.12380952380952381, -0.10952380952380952, -0.19597989949748743, -0.14285714285714285, -0.2, -0.22413793103448276, -0.1619047619047619, -0.25862068965517243, -0.041474654377880185, -0.14761904761904762, -0.1658291457286432, -0.18888888888888888, -0.19444444444444445, -0.20114942528735633, -0.17777777777777778, -0.08374384236453201, -0.12807881773399016, -0.07537688442211055, -0.08542713567839195, -0.2413793103448276, -0.10050251256281408, -0.2471264367816092, -0.06896551724137931, -0.034482758620689655]
['camel, 0.5, weight', -0.10919540229885058, -0.09195402298850575, -0.019704433497536946, -0.044444444444444446, -0.06321839080459771, -0.18333333333333332, -0.10952380952380952, -0.10476190476190476, -0.04597701149425287, -0.11904761904761904, -0.03015075376884422, -0.017241379310344827, -0.18592964824120603, -0.25, -0.035175879396984924, -0.17258883248730963, -0.022857142857142857, -0.05747126436781609, -0.18888888888888888, -0.3553299492385787, -0.06321839080459771, -0.11666666666666667, -0.011428571428571429, -0.022988505747126436]
['camel, 0.75, weight', -0.14761904761904762, -0.1206896551724138, -0.11494252873563218, -0.13333333333333333, -0.15736040609137056, -0.014778325123152709, -0.11666666666666667, -0.12857142857142856, -0.05142857142857143, -0.18888888888888888, -0.022222222222222223, -0.08620689655172414, -0.1218274111675127, -0.027649769585253458, -0.13793103448275862, -0.04433497536945813, -0.14444444444444443, 0.0, -0.009216589861751152, -0.12222222222222222, -0.03333333333333333, -0.1781609195402299, -0.1388888888888889, -0.009852216748768473]
['camel, 0.25, weight, iP= 50\\%', -0.3087557603686636, -0.2619047619047619, -0.21428571428571427, -0.1724137931034483, -0.21839080459770116, -0.22580645161290322, -0.2903225806451613, -0.25, -0.28888888888888886, -0.23618090452261306, -0.29444444444444445, -0.29493087557603687, -0.2342857142857143, -0.23333333333333334, -0.12562814070351758, -0.20476190476190476, -0.2413793103448276, -0.22119815668202766, -0.2571428571428571, -0.12315270935960591, -0.19444444444444445, -0.1781609195402299, -0.2315270935960591, -0.18433179723502305]
['camel, 0.5, weight, iP= 50\\%', -0.20276497695852536, -0.38095238095238093, -0.40476190476190477, -0.10344827586206896, -0.12380952380952381, -0.05747126436781609, -0.367816091954023, -0.13333333333333333, -0.24873096446700507, -0.11822660098522167, -0.19444444444444445, -0.1111111111111111, -0.017241379310344827, -0.3485714285714286, -0.2388888888888889, -0.3388888888888889, -0.12222222222222222, -0.1382488479262673, -0.20114942528735633, -0.2471264367816092, -0.14367816091954022, -0.15714285714285714, -0.21105527638190955, -0.2714285714285714]
['camel, 0.75, weight, iP= 50\\%', -0.14942528735632185, -0.11428571428571428, -0.04, -0.4888888888888889, -0.03428571428571429, -0.23963133640552994, -0.16589861751152074, -0.2904761904761905, -0.5668202764976958, -0.10599078341013825, -0.18226600985221675, -0.16129032258064516, -0.19047619047619047, -0.13333333333333333, -0.1457286432160804, -0.14942528735632185, -0.38333333333333336, -0.2, -0.15577889447236182, -0.4514285714285714, -0.1111111111111111, -0.06321839080459771, -0.23618090452261306, -0.08571428571428572]
