['camel, Baseline', -0.15, -0.18095238095238095, -0.15, -0.18095238095238095, -0.10050251256281408, -0.10050251256281408, -0.14942528735632185, -0.15, -0.10050251256281408, -0.18095238095238095, -0.11822660098522167, -0.10050251256281408, -0.11330049261083744, -0.18095238095238095, -0.18095238095238095, -0.11330049261083744, -0.14942528735632185, -0.14942528735632185, -0.10050251256281408, -0.12571428571428572, -0.15, -0.14942528735632185, -0.15, -0.15]
['camel, 0.25', -0.09523809523809523, -0.2222222222222222, -0.2388888888888889, -0.06030150753768844, -0.1336405529953917, -0.13333333333333333, -0.1380952380952381, -0.11822660098522167, -0.20689655172413793, -0.16666666666666666, -0.12690355329949238, -0.17142857142857143, -0.15714285714285714, -0.15517241379310345, -0.13333333333333333, -0.10344827586206896, -0.07222222222222222, -0.12562814070351758, -0.014084507042253521, -0.2833333333333333, -0.14367816091954022, -0.03686635944700461, -0.17222222222222222, -0.10919540229885058]
['camel, 0.5', -0.057291666666666664, -0.03888888888888889, -0.01507537688442211, -0.0380952380952381, -0.16091954022988506, -0.12, 0.0, -0.05, -0.14444444444444443, -0.29310344827586204, -0.18333333333333332, -0.011428571428571429, -0.11822660098522167, -0.004608294930875576, -0.05714285714285714, -0.05714285714285714, -0.0049261083743842365, -0.12380952380952381, -0.12380952380952381, -0.029556650246305417, -0.040229885057471264, -0.03333333333333333, -0.07834101382488479, -0.13142857142857142]
['camel, 0.75', 0.0, -0.09216589861751152, -0.08040201005025126, -0.06321839080459771, -0.11494252873563218, -0.07881773399014778, 0.0, -0.10476190476190476, -0.005747126436781609, -0.014778325123152709, 0.0, 0.0, -0.06896551724137931, -0.07389162561576355, -0.11428571428571428, 0.0, -0.005747126436781609, 0.0, 0.0, -0.005714285714285714, 0.0, -0.034482758620689655, -0.023809523809523808, 0.0]
['camel, 0.25, weight', -0.2413793103448276, -0.10344827586206896, -0.23333333333333334, -0.17142857142857143, -0.1523809523809524, -0.20114942528735633, -0.06666666666666667, -0.15577889447236182, -0.25, -0.08374384236453201, -0.2182741116751269, -0.22285714285714286, -0.16826923076923078, -0.233502538071066, -0.22857142857142856, -0.14761904761904762, -0.09770114942528736, -0.16666666666666666, -0.05069124423963134, -0.24761904761904763, -0.19540229885057472, -0.1839080459770115, -0.14285714285714285, -0.03686635944700461]
['camel, 0.5, weight', -0.05238095238095238, -0.016666666666666666, 0.0, 0.0, -0.005747126436781609, -0.027777777777777776, -0.22988505747126436, -0.1206896551724138, 0.0, -0.14285714285714285, -0.034482758620689655, -0.1407035175879397, -0.02857142857142857, -0.06403940886699508, -0.02857142857142857, -0.047619047619047616, -0.12222222222222222, -0.022222222222222223, -0.11557788944723618, -0.06190476190476191, -0.05714285714285714, -0.10138248847926268, -0.08866995073891626, -0.06321839080459771]
['camel, 0.75, weight', -0.06321839080459771, -0.011494252873563218, -0.22857142857142856, 0.0, -0.023809523809523808, -0.35467980295566504, -0.15714285714285714, -0.06435643564356436, 0.0, -0.011494252873563218, -0.016666666666666666, -0.03015075376884422, -0.05238095238095238, -0.04522613065326633, -0.01507537688442211, -0.014285714285714285, -0.03015075376884422, -0.05, -0.09547738693467336, 0.0, -0.16111111111111112, 0.0, -0.040229885057471264, -0.05172413793103448]
['camel, 0.25, weight, iP= 50\\%', -0.28365384615384615, -0.26666666666666666, -0.2512315270935961, -0.2777777777777778, -0.2857142857142857, -0.3055555555555556, -0.28888888888888886, -0.23115577889447236, -0.2019704433497537, -0.2571428571428571, -0.3, -0.29444444444444445, -0.3, -0.3476190476190476, -0.29523809523809524, -0.2562814070351759, -0.2350230414746544, -0.26666666666666666, -0.3111111111111111, -0.23645320197044334, -0.3277777777777778, -0.2857142857142857, -0.22167487684729065, -0.23963133640552994]
['camel, 0.5, weight, iP= 50\\%', -0.22857142857142856, -0.32019704433497537, -0.09644670050761421, -0.1839080459770115, -0.34673366834170855, -0.29523809523809524, -0.26666666666666666, -0.22857142857142856, -0.31666666666666665, -0.23645320197044334, -0.1658291457286432, -0.16091954022988506, -0.3111111111111111, -0.17050691244239632, -0.21105527638190955, -0.34444444444444444, -0.2057142857142857, -0.26666666666666666, -0.22660098522167488, -0.1206896551724138, -0.32222222222222224, -0.125, -0.16589861751152074, -0.3142857142857143]
['camel, 0.75, weight, iP= 50\\%', -0.23563218390804597, -0.4187192118226601, -0.19047619047619047, -0.5190476190476191, -0.16080402010050251, -0.3111111111111111, -0.09770114942528736, -0.16111111111111112, -0.21428571428571427, -0.1152073732718894, -0.2964824120603015, -0.06091370558375635, -0.12857142857142856, -0.09195402298850575, -0.12643678160919541, -0.22119815668202766, -0.10552763819095477, -0.15577889447236182, -0.22857142857142856, -0.08045977011494253, -0.14746543778801843, -0.1306532663316583, -0.0049261083743842365, -0.16666666666666666]
