['ivy, Base', -0.16363636363636364, -0.16363636363636364, -0.16363636363636364, -0.16363636363636364, -0.16363636363636364, -0.16363636363636364, -0.16363636363636364, -0.16363636363636364, -0.16363636363636364, -0.16363636363636364, -0.16363636363636364, -0.17647058823529413, -0.16363636363636364, -0.17647058823529413, -0.16363636363636364, -0.17647058823529413, -0.16363636363636364, -0.17647058823529413, -0.16363636363636364, -0.16363636363636364, -0.16363636363636364, -0.16363636363636364, -0.16363636363636364, -0.16363636363636364]
['ivy, 0.25', -0.14545454545454545, -0.16363636363636364, -0.2, -0.2, -0.16363636363636364, -0.11764705882352941, -0.11764705882352941, -0.14545454545454545, -0.10909090909090909, -0.12727272727272726, -0.12727272727272726, -0.2, -0.09803921568627451, -0.10909090909090909, -0.2, -0.13725490196078433, -0.14545454545454545, -0.1568627450980392, -0.16363636363636364, -0.13725490196078433, -0.2, -0.18181818181818182, -0.0784313725490196, -0.21818181818181817]
['ivy, 0.5', -0.2545454545454545, -0.2545454545454545, -0.18181818181818182, -0.16363636363636364, -0.18181818181818182, -0.23636363636363636, -0.1568627450980392, -0.21818181818181817, -0.2545454545454545, -0.16363636363636364, -0.2, -0.39215686274509803, -0.32727272727272727, -0.0784313725490196, -0.16363636363636364, -0.16363636363636364, -0.14545454545454545, -0.16363636363636364, -0.21568627450980393, -0.16363636363636364, -0.2, -0.17647058823529413, -0.32727272727272727, -0.2]
['ivy, 0.75', -0.18181818181818182, -0.23636363636363636, -0.8, -0.09803921568627451, -0.7818181818181819, -0.2, -0.2545454545454545, -0.3333333333333333, -0.2, -0.2727272727272727, -0.10909090909090909, -0.07272727272727272, -0.39215686274509803, -0.8431372549019608, -0.058823529411764705, -0.21818181818181817, -0.6363636363636364, -0.18181818181818182, -0.5818181818181818, -0.43137254901960786, -0.10909090909090909, -0.34545454545454546, -0.23636363636363636, -0.2545454545454545]
['ivy, 0.25, weight', -0.058823529411764705, -0.16363636363636364, -0.23636363636363636, -0.2, -0.2, -0.10909090909090909, -0.19607843137254902, -0.16363636363636364, -0.10909090909090909, -0.11764705882352941, -0.12727272727272726, -0.2, -0.2, -0.14545454545454545, -0.2, -0.13725490196078433, -0.17647058823529413, -0.2, -0.12727272727272726, -0.12727272727272726, -0.21818181818181817, -0.2, -0.2, -0.11764705882352941]
['ivy, 0.5, weight', -0.16363636363636364, -0.14545454545454545, -0.2549019607843137, -0.18181818181818182, -0.21818181818181817, -0.21818181818181817, -0.2909090909090909, -0.14545454545454545, -0.3090909090909091, -0.18181818181818182, -0.21568627450980393, -0.14545454545454545, -0.3090909090909091, -0.14545454545454545, -0.23636363636363636, -0.2, -0.3090909090909091, -0.12727272727272726, -0.2, -0.2727272727272727, -0.16363636363636364, -0.21568627450980393, -0.2727272727272727, -0.14545454545454545]
['ivy, 0.75, weight', -0.10909090909090909, -0.14545454545454545, -0.11764705882352941, -0.2545454545454545, -0.7636363636363637, -0.39215686274509803, -0.0196078431372549, -0.5454545454545454, -0.2727272727272727, -0.2727272727272727, -0.2545454545454545, -0.3137254901960784, -0.4, -0.23636363636363636, -0.8, -0.18181818181818182, -0.09090909090909091, -0.43636363636363634, -0.07272727272727272, -0.6181818181818182, -0.01818181818181818, -0.2545454545454545, -0.5818181818181818, -0.3137254901960784]
['ivy, 0.25, weight, iP= 50\\%', -0.16363636363636364, -0.14545454545454545, -0.16363636363636364, -0.07272727272727272, -0.09090909090909091, -0.14545454545454545, -0.12727272727272726, -0.10909090909090909, -0.21818181818181817, -0.12727272727272726, -0.16363636363636364, -0.12727272727272726, -0.07272727272727272, -0.07272727272727272, -0.09090909090909091, -0.09803921568627451, -0.1568627450980392, -0.05454545454545454, -0.09090909090909091, -0.2, -0.12727272727272726, -0.07272727272727272, -0.09090909090909091, -0.13725490196078433]
['ivy, 0.5, weight, iP= 50\\%', -0.09803921568627451, -0.19607843137254902, -0.07272727272727272, -0.21568627450980393, -0.16363636363636364, 0.0, -0.07272727272727272, -0.11764705882352941, -0.38181818181818183, -0.18181818181818182, -0.16363636363636364, -0.38181818181818183, -0.0392156862745098, -0.09803921568627451, 0.0, -0.10909090909090909, -0.05454545454545454, -0.09090909090909091, -0.18181818181818182, -0.05454545454545454, -0.16363636363636364, -0.19607843137254902, -0.1568627450980392, -0.2]
['ivy, 0.75, weight, iP= 50\\%', -0.05454545454545454, -0.509090909090909, -0.10909090909090909, -0.05454545454545454, -0.2727272727272727, -0.18181818181818182, -0.3090909090909091, -0.23636363636363636, -0.10909090909090909, -0.32727272727272727, -0.2, -0.23636363636363636, -0.23529411764705882, -0.10909090909090909, -0.2545454545454545, -0.41818181818181815, -0.0392156862745098, -0.09090909090909091, -0.0392156862745098, -0.10909090909090909, -0.07272727272727272, -0.2, -0.11764705882352941, -0.2727272727272727]
