['jedit, Base', -0.06896551724137931, -0.06206896551724138, -0.06896551724137931, -0.06896551724137931, -0.06206896551724138, -0.06206896551724138, -0.06206896551724138, -0.06896551724137931, -0.06896551724137931, -0.06896551724137931, -0.06896551724137931, -0.06206896551724138, -0.06896551724137931, -0.06206896551724138, -0.06206896551724138, -0.06896551724137931, -0.06896551724137931, -0.06206896551724138, -0.06896551724137931, -0.06206896551724138, -0.06896551724137931, -0.06896551724137931, -0.06896551724137931, -0.06896551724137931]
['jedit, 0.25', -0.11724137931034483, -0.05517241379310345, -0.027586206896551724, -0.041379310344827586, -0.04827586206896552, -0.013793103448275862, -0.013793103448275862, -0.04827586206896552, -0.06206896551724138, -0.041379310344827586, -0.013793103448275862, -0.15862068965517243, -0.027586206896551724, -0.08275862068965517, -0.10344827586206896, -0.027586206896551724, -0.020689655172413793, -0.013793103448275862, -0.027586206896551724, -0.07586206896551724, -0.08275862068965517, -0.006896551724137931, -0.041379310344827586, -0.04827586206896552]
['jedit, 0.5', -0.06206896551724138, -0.6758620689655173, -0.006896551724137931, -0.2689655172413793, -0.034482758620689655, -0.034482758620689655, -0.05517241379310345, -0.06206896551724138, -0.027586206896551724, -0.14482758620689656, 0.0, -0.05517241379310345, -0.04827586206896552, -0.19310344827586207, -0.07586206896551724, -0.1724137931034483, -0.2, -0.16551724137931034, -0.020689655172413793, -0.1310344827586207, -0.35172413793103446, -0.041379310344827586, -0.020689655172413793, -0.041379310344827586]
['jedit, 0.75', -0.18620689655172415, 0.0, -0.027586206896551724, 0.0, -0.09655172413793103, 0.0, -0.41379310344827586, -0.07586206896551724, 0.0, 0.0, -0.013793103448275862, -0.013793103448275862, -0.06896551724137931, 0.0, -0.006896551724137931, -0.10344827586206896, -0.006896551724137931, -0.11724137931034483, -0.20689655172413793, -0.027586206896551724, -0.013793103448275862, -0.296551724137931, 0.0, -0.006896551724137931]
['jedit, 0.25, weight', -0.05517241379310345, -0.020689655172413793, -0.027586206896551724, -0.05517241379310345, -0.006896551724137931, -0.06206896551724138, 0.0, -0.034482758620689655, -0.06896551724137931, -0.013793103448275862, -0.07586206896551724, -0.05517241379310345, 0.0, -0.034482758620689655, -0.041379310344827586, -0.020689655172413793, -0.020689655172413793, -0.11724137931034483, -0.07586206896551724, -0.041379310344827586, -0.013793103448275862, -0.006896551724137931, -0.013793103448275862, -0.041379310344827586]
['jedit, 0.5, weight', -0.0896551724137931, -0.006896551724137931, -0.027586206896551724, -0.08275862068965517, 0.0, -0.006896551724137931, -0.013793103448275862, -0.034482758620689655, -0.2620689655172414, -0.25517241379310346, -0.034482758620689655, -0.15172413793103448, -0.027586206896551724, -0.06206896551724138, -0.041379310344827586, -0.013793103448275862, -0.25517241379310346, -0.006896551724137931, -0.1103448275862069, -0.2689655172413793, -0.006896551724137931, -0.2, -0.20689655172413793, -0.6689655172413793]
['jedit, 0.75, weight', -0.15862068965517243, 0.0, -0.8068965517241379, -0.013793103448275862, 0.0, -0.22758620689655173, -0.013793103448275862, -0.06206896551724138, -0.006896551724137931, -0.9586206896551724, -0.041379310344827586, -0.22758620689655173, 0.0, -0.4827586206896552, -0.006896551724137931, 0.0, -0.006896551724137931, -0.06206896551724138, -0.2413793103448276, -0.006896551724137931, -0.013793103448275862, -0.006896551724137931, -0.11724137931034483, -0.14482758620689656]
['jedit, 0.25, weight, iP= 50\\%', -0.07586206896551724, -0.296551724137931, -0.08275862068965517, -0.15172413793103448, -0.027586206896551724, -0.11724137931034483, -0.07586206896551724, -0.04827586206896552, -0.2827586206896552, -0.09655172413793103, -0.15172413793103448, -0.07586206896551724, -0.10344827586206896, -0.22758620689655173, -0.10344827586206896, -0.16551724137931034, -0.08275862068965517, -0.034482758620689655, -0.10344827586206896, -0.034482758620689655, -0.06206896551724138, -0.13793103448275862, -0.1103448275862069, -0.2]
['jedit, 0.5, weight, iP= 50\\%', -0.22758620689655173, -0.43448275862068964, -0.2413793103448276, -0.2482758620689655, -0.08275862068965517, -0.496551724137931, -0.3448275862068966, -0.5586206896551724, -0.1310344827586207, -0.2482758620689655, -0.32413793103448274, -0.027586206896551724, -0.2620689655172414, -0.27586206896551724, -0.2206896551724138, -0.5448275862068965, -0.19310344827586207, -0.16551724137931034, -0.32413793103448274, -0.15172413793103448, -0.06896551724137931, -0.20689655172413793, -0.30344827586206896, -0.13793103448275862]
['jedit, 0.75, weight, iP= 50\\%', -0.23448275862068965, -0.43448275862068964, -0.27586206896551724, -0.20689655172413793, -0.46206896551724136, -0.43448275862068964, -0.47586206896551725, -0.3793103448275862, -0.45517241379310347, -0.3448275862068966, -0.5517241379310345, -0.25517241379310346, -0.25517241379310346, -0.5310344827586206, -0.21379310344827587, -0.27586206896551724, -0.23448275862068965, -0.30344827586206896, -0.1793103448275862, -0.3724137931034483, -0.5103448275862069, -0.5517241379310345, -0.4482758620689655, -0.5724137931034483]
