['jedit, Baseline', -0.06896551724137931, -0.06896551724137931, -0.06896551724137931, -0.06896551724137931, -0.06206896551724138, -0.06206896551724138, -0.06206896551724138, -0.06206896551724138, -0.06896551724137931, -0.06896551724137931, -0.06896551724137931, -0.06896551724137931, -0.06206896551724138, -0.06896551724137931, -0.06206896551724138, -0.06206896551724138, -0.06896551724137931, -0.06896551724137931, -0.06896551724137931, -0.06896551724137931, -0.06206896551724138, -0.06206896551724138, -0.06896551724137931, -0.06896551724137931]
['jedit, 0.25', -0.020689655172413793, -0.020689655172413793, -0.013793103448275862, -0.041379310344827586, -0.12413793103448276, -0.027586206896551724, -0.08275862068965517, -0.034482758620689655, -0.10344827586206896, -0.013793103448275862, -0.020689655172413793, -0.027586206896551724, -0.041379310344827586, -0.10344827586206896, -0.12413793103448276, -0.013793103448275862, -0.041379310344827586, -0.006896551724137931, -0.12413793103448276, -0.10344827586206896, -0.1310344827586207, -0.013793103448275862, -0.08275862068965517, -0.12413793103448276]
['jedit, 0.5', -0.22758620689655173, -0.05517241379310345, -0.06206896551724138, -0.09655172413793103, -0.07586206896551724, -0.1310344827586207, -0.006896551724137931, -0.32413793103448274, -0.11724137931034483, -0.11724137931034483, -0.027586206896551724, -0.2, -0.013793103448275862, -0.006896551724137931, -0.006896551724137931, -0.006896551724137931, -0.12413793103448276, -0.027586206896551724, -0.04827586206896552, -0.027586206896551724, -0.034482758620689655, -0.020689655172413793, -0.027586206896551724, -0.013793103448275862]
['jedit, 0.75', -0.013793103448275862, 0.0, -0.034482758620689655, -0.04827586206896552, 0.0, -0.05517241379310345, -0.020689655172413793, -0.0896551724137931, -0.006896551724137931, -0.013793103448275862, -0.013793103448275862, -0.041379310344827586, -0.19310344827586207, -0.013793103448275862, -0.020689655172413793, -0.013793103448275862, -0.25517241379310346, -0.027586206896551724, -0.013793103448275862, -0.006896551724137931, -0.034482758620689655, -0.006896551724137931, -0.013793103448275862, -0.034482758620689655]
['jedit, 0.25, weight', -0.020689655172413793, -0.06896551724137931, -0.006896551724137931, -0.034482758620689655, -0.013793103448275862, -0.020689655172413793, -0.10344827586206896, -0.034482758620689655, -0.10344827586206896, -0.020689655172413793, -0.020689655172413793, -0.027586206896551724, -0.013793103448275862, -0.006896551724137931, -0.020689655172413793, -0.1103448275862069, -0.034482758620689655, -0.020689655172413793, -0.006896551724137931, -0.041379310344827586, -0.12413793103448276, -0.041379310344827586, -0.16551724137931034, -0.013793103448275862]
['jedit, 0.5, weight', -0.07586206896551724, -0.1724137931034483, -0.09655172413793103, -0.30344827586206896, -0.013793103448275862, -0.027586206896551724, -0.027586206896551724, -0.034482758620689655, -0.027586206896551724, -0.013793103448275862, -0.027586206896551724, -0.07586206896551724, -0.10344827586206896, -0.027586206896551724, -0.041379310344827586, -0.027586206896551724, -0.12413793103448276, -0.027586206896551724, -0.006896551724137931, -0.1103448275862069, -0.006896551724137931, -0.027586206896551724, -0.09655172413793103, -0.013793103448275862]
['jedit, 0.75, weight', -0.11724137931034483, -0.041379310344827586, -0.013793103448275862, 0.0, -0.013793103448275862, 0.0, 0.0, -0.027586206896551724, -0.027586206896551724, -0.006896551724137931, 0.0, -0.041379310344827586, -0.38620689655172413, -0.33793103448275863, -0.2827586206896552, -0.23448275862068965, -0.06896551724137931, -0.06896551724137931, -0.06206896551724138, -0.2413793103448276, -0.0896551724137931, -0.006896551724137931, -0.07586206896551724, -0.31724137931034485]
['jedit, 0.25, weight, iP= 50\\%', -0.027586206896551724, -0.034482758620689655, -0.08275862068965517, -0.07586206896551724, -0.06896551724137931, -0.034482758620689655, -0.027586206896551724, -0.034482758620689655, -0.05517241379310345, -0.041379310344827586, -0.034482758620689655, -0.08275862068965517, -0.07586206896551724, -0.08275862068965517, -0.034482758620689655, -0.07586206896551724, -0.034482758620689655, -0.04827586206896552, -0.034482758620689655, -0.034482758620689655, -0.034482758620689655, -0.06896551724137931, -0.06896551724137931, -0.06896551724137931]
['jedit, 0.5, weight, iP= 50\\%', -0.05517241379310345, -0.09655172413793103, -0.06896551724137931, -0.09655172413793103, -0.05517241379310345, -0.04827586206896552, -0.08275862068965517, -0.06206896551724138, -0.041379310344827586, -0.034482758620689655, -0.06206896551724138, -0.07586206896551724, -0.07586206896551724, -0.06896551724137931, -0.08275862068965517, -0.04827586206896552, -0.08275862068965517, -0.06896551724137931, -0.16551724137931034, -0.04827586206896552, -0.041379310344827586, -0.06896551724137931, -0.06206896551724138, -0.06206896551724138]
['jedit, 0.75, weight, iP= 50\\%', -0.034482758620689655, -0.041379310344827586, -0.027586206896551724, -0.10344827586206896, -0.034482758620689655, -0.041379310344827586, -0.06896551724137931, -0.06206896551724138, -0.2, -0.06206896551724138, -0.23448275862068965, -0.06896551724137931, -0.034482758620689655, -0.034482758620689655, -0.041379310344827586, -0.041379310344827586, -0.04827586206896552, -0.19310344827586207, -0.034482758620689655, -0.06896551724137931, -0.12413793103448276, -0.034482758620689655, -0.2896551724137931, -0.027586206896551724]
