['log4j, Baseline', -0.058823529411764705, -0.03225806451612903, -0.03225806451612903, -0.058823529411764705, -0.058823529411764705, -0.03225806451612903, -0.058823529411764705, -0.058823529411764705, -0.03225806451612903, -0.058823529411764705, -0.058823529411764705, -0.03225806451612903, -0.03225806451612903, -0.058823529411764705, -0.03225806451612903, -0.03225806451612903, -0.058823529411764705, -0.03225806451612903, -0.03225806451612903, -0.03225806451612903, -0.058823529411764705, -0.03225806451612903, -0.058823529411764705, -0.058823529411764705]
['log4j, 0.25', -0.06451612903225806, -0.03225806451612903, 0.0, -0.03225806451612903, -0.03225806451612903, -0.058823529411764705, 0.0, -0.12903225806451613, -0.058823529411764705, -0.0967741935483871, 0.0, 0.0, 0.0, -0.08823529411764706, -0.0967741935483871, 0.0, -0.06451612903225806, -0.058823529411764705, -0.06451612903225806, -0.08823529411764706, 0.0, -0.029411764705882353, -0.08823529411764706, 0.0]
['log4j, 0.5', 0.0, -0.17647058823529413, 0.0, -0.06451612903225806, -0.029411764705882353, 0.0, 0.0, -0.20588235294117646, 0.0, 0.0, -0.029411764705882353, 0.0, -0.12903225806451613, 0.0, 0.0, 0.0, -0.058823529411764705, 0.0, 0.0, -0.16129032258064516, 0.0, 0.0, 0.0, 0.0]
['log4j, 0.75', 0.0, 0.0, 0.0, -0.03225806451612903, -0.29411764705882354, 0.0, 0.0, 0.0, 0.0, -0.029411764705882353, -0.17647058823529413, -0.029411764705882353, 0.0, -0.029411764705882353, 0.0, 0.0, -0.22580645161290322, 0.0, 0.0, 0.0, 0.0, -0.058823529411764705, 0.0, 0.0]
['log4j, 0.25, weight', -0.08823529411764706, -0.029411764705882353, 0.0, -0.029411764705882353, -0.058823529411764705, -0.0967741935483871, -0.029411764705882353, 0.0, -0.06451612903225806, 0.0, -0.0967741935483871, 0.0, -0.06451612903225806, 0.0, -0.029411764705882353, -0.06451612903225806, -0.058823529411764705, -0.029411764705882353, 0.0, -0.1935483870967742, 0.0, -0.029411764705882353, -0.03225806451612903, -0.029411764705882353]
['log4j, 0.5, weight', 0.0, -0.058823529411764705, 0.0, -0.058823529411764705, -0.06451612903225806, -0.029411764705882353, -0.058823529411764705, 0.0, -0.12903225806451613, -0.0967741935483871, 0.0, 0.0, 0.0, -0.058823529411764705, 0.0, -0.16129032258064516, 0.0, 0.0, 0.0, 0.0, -0.029411764705882353, -0.06451612903225806, -0.0967741935483871, 0.0]
['log4j, 0.75, weight', 0.0, 0.0, 0.0, 0.0, 0.0, -0.16129032258064516, 0.0, 0.0, 0.0, 0.0, -0.22580645161290322, 0.0, 0.0, -0.029411764705882353, 0.0, 0.0, -0.12903225806451613, 0.0, 0.0, 0.0, -0.029411764705882353, 0.0, -0.25806451612903225, -0.029411764705882353]
['log4j, 0.25, weight, iP= 50\\%', -0.029411764705882353, -0.12903225806451613, -0.0967741935483871, -0.08823529411764706, -0.06451612903225806, -0.029411764705882353, -0.12903225806451613, -0.11764705882352941, 0.0, -0.0967741935483871, -0.0967741935483871, -0.0967741935483871, -0.058823529411764705, -0.08823529411764706, -0.03225806451612903, -0.08823529411764706, 0.0, -0.058823529411764705, -0.029411764705882353, -0.058823529411764705, -0.029411764705882353, -0.08823529411764706, -0.11764705882352941, -0.058823529411764705]
['log4j, 0.5, weight, iP= 50\\%', -0.058823529411764705, -0.058823529411764705, -0.029411764705882353, 0.0, -0.0967741935483871, -0.058823529411764705, -0.058823529411764705, -0.058823529411764705, -0.14705882352941177, -0.2647058823529412, 0.0, -0.058823529411764705, -0.08823529411764706, 0.0, -0.12903225806451613, -0.11764705882352941, 0.0, -0.16129032258064516, -0.058823529411764705, -0.06451612903225806, 0.0, -0.14705882352941177, -0.03225806451612903, -0.03225806451612903]
['log4j, 0.75, weight, iP= 50\\%', -0.03225806451612903, -0.25806451612903225, -0.029411764705882353, -0.08823529411764706, -0.0967741935483871, -0.029411764705882353, -0.03225806451612903, 0.0, -0.20588235294117646, -0.08823529411764706, 0.0, -0.17647058823529413, -0.029411764705882353, -0.058823529411764705, -0.3235294117647059, -0.38235294117647056, -0.20588235294117646, -0.08823529411764706, -0.12903225806451613, -0.0967741935483871, -0.23529411764705882, 0.0, -0.0967741935483871, 0.0]
