['lucene_Base', 0.09696969696969697, 0.052980132450331126, 0.09696969696969697, 0.06962025316455696, 0.06962025316455696, 0.10191082802547771, 0.09696969696969697, 0.09696969696969697, 0.052980132450331126, 0.052980132450331126, 0.09696969696969697, 0.06962025316455696, 0.10191082802547771, 0.09696969696969697, 0.06962025316455696, 0.10191082802547771, 0.09696969696969697, 0.09696969696969697, 0.06962025316455696, 0.052980132450331126, 0.09696969696969697, 0.10191082802547771, 0.10191082802547771, 0.052980132450331126]
['lucene_0.25', 0.06666666666666667, 0.06369426751592357, 0.050955414012738856, 0.056962025316455694, 0.03636363636363636, 0.026490066225165563, 0.048484848484848485, 0.03636363636363636, 0.06962025316455696, 0.024242424242424242, 0.04430379746835443, 0.08484848484848485, 0.08484848484848485, 0.033112582781456956, 0.048484848484848485, 0.06622516556291391, 0.0379746835443038, 0.0379746835443038, 0.019867549668874173, 0.044585987261146494, 0.046357615894039736, 0.044585987261146494, 0.03821656050955414, 0.059602649006622516]
['lucene_0.5', 0.05063291139240506, 0.08484848484848485, 0.09090909090909091, 0.05454545454545454, 0.17721518987341772, 0.13333333333333333, 0.08917197452229299, 0.04242424242424243, 0.10828025477707007, 0.08484848484848485, 0.056962025316455694, 0.052980132450331126, 0.025477707006369428, 0.08484848484848485, 0.03821656050955414, 0.12727272727272726, 0.0379746835443038, 0.06060606060606061, 0.0949367088607595, 0.025477707006369428, 0.06622516556291391, 0.039735099337748346, 0.10596026490066225, 0.06666666666666667]
['lucene_0.75', 0.17218543046357615, 0.11392405063291139, 0.18354430379746836, 0.11392405063291139, 0.17834394904458598, 0.05454545454545454, 0.13333333333333333, 0.12025316455696203, 0.06666666666666667, 0.15151515151515152, 0.10191082802547771, 0.17575757575757575, 0.25949367088607594, 0.304635761589404, 0.09271523178807947, 0.15151515151515152, 0.32450331125827814, 0.08917197452229299, 0.08484848484848485, 0.25165562913907286, 0.1518987341772152, 0.10828025477707007, 0.05732484076433121, 0.2721518987341772]
['lucene_0.25_w', 0.056962025316455694, 0.03164556962025317, 0.07643312101910828, 0.09090909090909091, 0.09696969696969697, 0.05454545454545454, 0.07643312101910828, 0.044585987261146494, 0.048484848484848485, 0.06622516556291391, 0.08609271523178808, 0.006622516556291391, 0.044585987261146494, 0.026490066225165563, 0.012658227848101266, 0.0379746835443038, 0.07272727272727272, 0.026490066225165563, 0.07272727272727272, 0.026490066225165563, 0.050955414012738856, 0.033112582781456956, 0.02531645569620253, 0.0379746835443038]
['lucene_0.5_w', 0.025477707006369428, 0.033112582781456956, 0.08609271523178808, 0.07947019867549669, 0.06962025316455696, 0.019867549668874173, 0.11920529801324503, 0.07006369426751592, 0.11392405063291139, 0.030303030303030304, 0.1456953642384106, 0.059602649006622516, 0.10596026490066225, 0.1464968152866242, 0.06962025316455696, 0.056962025316455694, 0.03184713375796178, 0.08609271523178808, 0.08280254777070063, 0.08860759493670886, 0.11258278145695365, 0.07878787878787878, 0.046357615894039736, 0.12658227848101267]
['lucene_0.75_w', 0.22784810126582278, 0.06369426751592357, 0.15151515151515152, 0.2582781456953642, 0.08917197452229299, 0.09271523178807947, 0.14012738853503184, 0.22784810126582278, 0.03821656050955414, 0.304635761589404, 0.17218543046357615, 0.17218543046357615, 0.0728476821192053, 0.20382165605095542, 0.15894039735099338, 0.10759493670886076, 0.17834394904458598, 0.046357615894039736, 0.08484848484848485, 0.10303030303030303, 0.1518987341772152, 0.12101910828025478, 0.17834394904458598, 0.2185430463576159]
['lucene_0.25_w_iP(50%)', 0.11464968152866242, 0.056962025316455694, 0.09090909090909091, 0.09271523178807947, 0.07272727272727272, 0.03821656050955414, 0.10828025477707007, 0.08280254777070063, 0.04430379746835443, 0.07878787878787878, 0.0379746835443038, 0.08917197452229299, 0.052980132450331126, 0.05454545454545454, 0.06369426751592357, 0.06666666666666667, 0.056962025316455694, 0.07878787878787878, 0.056962025316455694, 0.07272727272727272, 0.052980132450331126, 0.06666666666666667, 0.09554140127388536, 0.046357615894039736]
['lucene_0.5_w_iP(50%)', 0.09696969696969697, 0.09933774834437085, 0.11464968152866242, 0.10303030303030303, 0.1518987341772152, 0.08484848484848485, 0.06666666666666667, 0.0728476821192053, 0.15822784810126583, 0.17880794701986755, 0.07272727272727272, 0.09696969696969697, 0.14545454545454545, 0.08484848484848485, 0.11392405063291139, 0.07947019867549669, 0.09554140127388536, 0.07878787878787878, 0.046357615894039736, 0.18787878787878787, 0.11464968152866242, 0.06329113924050633, 0.07643312101910828, 0.07878787878787878]
['lucene_0.75_w_iP(50%)', 0.16556291390728478, 0.13245033112582782, 0.08484848484848485, 0.06666666666666667, 0.059602649006622516, 0.152317880794702, 0.06329113924050633, 0.17218543046357615, 0.10759493670886076, 0.12738853503184713, 0.11515151515151516, 0.18543046357615894, 0.09090909090909091, 0.15822784810126583, 0.2, 0.06060606060606061, 0.17088607594936708, 0.10909090909090909, 0.10909090909090909, 0.07947019867549669, 0.1464968152866242, 0.304635761589404, 0.1390728476821192, 0.07878787878787878]
