['lucene, Base', -0.09696969696969697, -0.052980132450331126, -0.052980132450331126, -0.06962025316455696, -0.10191082802547771, -0.10191082802547771, -0.09696969696969697, -0.052980132450331126, -0.10191082802547771, -0.09696969696969697, -0.06962025316455696, -0.09696969696969697, -0.10191082802547771, -0.052980132450331126, -0.09696969696969697, -0.09696969696969697, -0.06962025316455696, -0.09696969696969697, -0.06962025316455696, -0.09696969696969697, -0.06962025316455696, -0.09696969696969697, -0.10191082802547771, -0.09696969696969697]
['lucene, 0.25', -0.08609271523178808, -0.01818181818181818, -0.046357615894039736, -0.08227848101265822, 0.0, -0.039735099337748346, -0.04242424242424243, -0.09090909090909091, -0.012121212121212121, 0.0, -0.030303030303030304, -0.006369426751592357, -0.044585987261146494, -0.012738853503184714, -0.024242424242424242, -0.006622516556291391, -0.013245033112582781, -0.0379746835443038, -0.03821656050955414, -0.08609271523178808, -0.025477707006369428, -0.0189873417721519, -0.05454545454545454, -0.012738853503184714]
['lucene, 0.5', -0.06622516556291391, -0.01910828025477707, -0.024242424242424242, -0.05063291139240506, -0.033112582781456956, -0.04242424242424243, 0.0, 0.0, -0.0949367088607595, -0.012658227848101266, -0.06329113924050633, -0.019867549668874173, -0.0379746835443038, -0.03636363636363636, 0.0, -0.006369426751592357, -0.013245033112582781, -0.1456953642384106, -0.22424242424242424, -0.06962025316455696, 0.0, 0.0, -0.07878787878787878, -0.024242424242424242]
['lucene, 0.75', -0.019867549668874173, -0.024242424242424242, -0.3090909090909091, -0.01818181818181818, -0.030303030303030304, -0.3212121212121212, -0.07947019867549669, -0.006369426751592357, -0.05063291139240506, -0.18543046357615894, -0.14012738853503184, -0.10126582278481013, -0.024242424242424242, -0.059602649006622516, -0.030303030303030304, -0.21818181818181817, -0.12582781456953643, -0.17088607594936708, -0.26582278481012656, -0.1464968152866242, -0.024242424242424242, 0.0, -0.07006369426751592, 0.0]
['lucene, 0.25, weight', -0.07947019867549669, -0.030303030303030304, -0.050955414012738856, -0.059602649006622516, -0.012658227848101266, -0.0379746835443038, -0.006369426751592357, -0.03636363636363636, -0.026490066225165563, -0.03184713375796178, -0.012121212121212121, -0.01818181818181818, -0.026490066225165563, -0.024242424242424242, -0.019867549668874173, -0.04242424242424243, 0.0, -0.033112582781456956, -0.046357615894039736, -0.052980132450331126, 0.0, -0.01910828025477707, -0.03164556962025317, -0.013245033112582781]
['lucene, 0.5, weight', -0.052980132450331126, -0.013245033112582781, -0.006369426751592357, -0.039735099337748346, -0.006622516556291391, -0.052980132450331126, -0.06329113924050633, -0.36075949367088606, -0.048484848484848485, -0.05732484076433121, -0.2980132450331126, -0.0379746835443038, -0.13245033112582782, -0.2119205298013245, -0.01910828025477707, -0.01818181818181818, -0.04242424242424243, -0.056962025316455694, -0.2185430463576159, -0.048484848484848485, -0.27388535031847133, -0.059602649006622516, -0.019867549668874173, -0.033112582781456956]
['lucene, 0.75, weight', -0.10759493670886076, -0.024242424242424242, -0.05063291139240506, -0.05063291139240506, -0.2119205298013245, -0.048484848484848485, -0.3696969696969697, -0.07947019867549669, -0.012738853503184714, -0.12738853503184713, -0.025477707006369428, -0.27848101265822783, -0.07272727272727272, 0.0, -0.025477707006369428, -0.006622516556291391, -0.09933774834437085, -0.0379746835443038, -0.01818181818181818, -0.13333333333333333, -0.06666666666666667, -0.06962025316455696, -0.10828025477707007, -0.34394904458598724]
['lucene, 0.25, weight, iP= 50\\%', -0.03184713375796178, -0.12727272727272726, -0.04242424242424243, -0.006622516556291391, -0.06666666666666667, -0.01818181818181818, -0.07006369426751592, -0.052980132450331126, -0.026490066225165563, -0.04430379746835443, -0.06369426751592357, -0.03184713375796178, -0.0189873417721519, -0.0189873417721519, -0.0728476821192053, -0.025477707006369428, -0.06060606060606061, -0.07006369426751592, -0.08227848101265822, -0.07878787878787878, -0.04242424242424243, -0.0189873417721519, -0.0759493670886076, -0.07643312101910828]
['lucene, 0.5, weight, iP= 50\\%', -0.0379746835443038, -0.05732484076433121, -0.02531645569620253, -0.050955414012738856, -0.03184713375796178, -0.026490066225165563, -0.08484848484848485, -0.07947019867549669, -0.04430379746835443, -0.048484848484848485, -0.01910828025477707, 0.0, -0.052980132450331126, -0.10909090909090909, -0.0728476821192053, -0.056962025316455694, -0.04242424242424243, -0.02531645569620253, -0.06369426751592357, -0.06962025316455696, -0.04242424242424243, -0.012738853503184714, -0.07006369426751592, -0.05454545454545454]
['lucene, 0.75, weight, iP= 50\\%', -0.030303030303030304, -0.01910828025477707, -0.08609271523178808, -0.006060606060606061, -0.06060606060606061, -0.11464968152866242, -0.025477707006369428, -0.08860759493670886, -0.12025316455696203, -0.013245033112582781, -0.14012738853503184, -0.15151515151515152, -0.09933774834437085, -0.05732484076433121, -0.12101910828025478, -0.06060606060606061, -0.09933774834437085, -0.09933774834437085, -0.03636363636363636, -0.08917197452229299, -0.12025316455696203, -0.039735099337748346, -0.025477707006369428, -0.06060606060606061]
