['Base', 1.0, 1.0, 1.0, 1.0, 1.0, 1.0, 1.0, 1.0, 1.0, 1.0, 1.0, 1.0, 1.0, 1.0, 1.0, 1.0, 1.0, 1.0, 1.0, 1.0, 1.0, 1.0, 1.0, 1.0] , 122.0
['0.25-weight', 0.85517241379310349, 0.91724137931034477, 0.93055555555555558, 0.95918367346938771, 0.88275862068965516, 0.95999999999999996, 0.93103448275862066, 0.89583333333333337, 0.97999999999999998, 0.90476190476190477, 0.93006993006993011, 0.90000000000000002, 0.88666666666666671, 0.89655172413793105, 0.87586206896551722, 0.95238095238095233, 0.87755102040816324, 0.92307692307692313, 0.8896551724137931, 0.92307692307692313, 0.94666666666666666, 0.90476190476190477, 0.89583333333333337, 0.94482758620689655] , 133.0
['0.5-weight', 0.76388888888888884, 0.78620689655172415, 0.81333333333333335, 0.78620689655172415, 0.89655172413793105, 0.63194444444444442, 0.80272108843537415, 0.59310344827586203, 0.86896551724137927, 0.75862068965517238, 0.79591836734693877, 0.77083333333333337, 0.85517241379310349, 0.93197278911564629, 0.73103448275862071, 0.83673469387755106, 0.89795918367346939, 0.891156462585034, 0.82666666666666666, 0.8896551724137931, 0.84615384615384615, 0.78000000000000003, 0.78620689655172415, 0.83216783216783219] , 118.5
['0.75-weight', 0.80327868852459017, 0.22950819672131148, 0.49180327868852458, 0.63114754098360659, 0.81147540983606559, 0.63114754098360659, 0.52459016393442626, 0.65384615384615385, 0.65573770491803274, 0.40769230769230769, 0.54918032786885251, 0.68141592920353977, 0.55384615384615388, 0.73451327433628322, 0.38938053097345132, 0.89344262295081966, 0.73770491803278693, 0.70769230769230773, 0.69672131147540983, 0.76923076923076927, 0.70769230769230773, 0.31538461538461537, 0.54098360655737709, 0.77692307692307694] , 78.5
['0.25-weight-B=25\\%', 0.89380530973451322, 0.86065573770491799, 0.9098360655737705, 0.89344262295081966, 0.87704918032786883, 0.87704918032786883, 0.89380530973451322, 0.87610619469026552, 0.9098360655737705, 0.87704918032786883, 0.87692307692307692, 0.91150442477876104, 0.9538461538461539, 0.90000000000000002, 0.95081967213114749, 0.94690265486725667, 0.86065573770491799, 0.88524590163934425, 0.86065573770491799, 0.94615384615384612, 0.92920353982300885, 0.83606557377049184, 0.95901639344262291, 0.94690265486725667] , 107.0
['0.25-weight-B=50\\%', 0.90344827586206899, 0.93103448275862066, 0.97241379310344822, 0.90666666666666662, 0.91724137931034477, 0.94482758620689655, 0.95238095238095233, 0.97931034482758617, 0.87412587412587417, 0.97959183673469385, 0.93877551020408168, 0.94666666666666666, 0.97999999999999998, 0.98666666666666669, 0.97222222222222221, 0.96666666666666667, 0.88111888111888115, 0.93197278911564629, 0.97931034482758617, 0.9517241379310345, 0.95333333333333337, 0.95104895104895104, 0.92666666666666664, 0.95862068965517244] , 139.0
['0.5-weight-B=25\\%', 0.95333333333333337, 0.95918367346938771, 0.92666666666666664, 0.96598639455782309, 0.98639455782312924, 0.97333333333333338, 0.91836734693877553, 0.91608391608391604, 0.88194444444444442, 0.97278911564625847, 0.91333333333333333, 0.93333333333333335, 0.96666666666666667, 0.9517241379310345, 0.96551724137931039, 0.97902097902097907, 0.96598639455782309, 0.95999999999999996, 0.95918367346938771, 0.9517241379310345, 0.94482758620689655, 0.97333333333333338, 0.95333333333333337, 0.95333333333333337] , 141.0
['0.5-weight-B=50\\%', 0.73999999999999999, 0.86896551724137927, 0.85517241379310349, 0.85999999999999999, 0.91333333333333333, 0.88275862068965516, 0.86394557823129248, 0.77622377622377625, 0.87586206896551722, 0.89795918367346939, 0.89583333333333337, 0.92666666666666664, 0.95862068965517244, 0.94405594405594406, 0.97959183673469385, 0.95918367346938771, 0.88, 0.80689655172413788, 0.86896551724137927, 0.84666666666666668, 0.86206896551724133, 0.90476190476190477, 0.93999999999999995, 0.73793103448275865] , 128.5
['0.75-weight-B=25\\%', 0.68461538461538463, 0.84426229508196726, 0.71311475409836067, 0.81967213114754101, 0.75384615384615383, 0.79646017699115046, 0.83185840707964598, 0.76229508196721307, 0.76991150442477874, 0.72950819672131151, 0.92622950819672134, 0.7384615384615385, 0.83076923076923082, 0.90163934426229508, 0.76229508196721307, 0.80327868852459017, 0.79646017699115046, 0.7168141592920354, 0.83185840707964598, 0.78761061946902655, 0.83846153846153848, 0.72950819672131151, 0.72131147540983609, 0.81967213114754101] , 93.5
['0.75-weight-B=50\\%', 0.76229508196721307, 0.63846153846153841, 0.77868852459016391, 0.69911504424778759, 0.69999999999999996, 0.67256637168141598, 0.68852459016393441, 0.68852459016393441, 0.70491803278688525, 0.77049180327868849, 0.89380530973451322, 0.65384615384615385, 0.76106194690265483, 0.79230769230769227, 0.77876106194690264, 0.54867256637168138, 0.64601769911504425, 0.68141592920353977, 0.70491803278688525, 0.76229508196721307, 0.68461538461538463, 0.81967213114754101, 0.63716814159292035, 0.65573770491803274] , 86.0
