['lucene, Baseline', -0.09696969696969697, -0.052980132450331126, -0.06962025316455696, -0.09696969696969697, -0.052980132450331126, -0.06962025316455696, -0.09696969696969697, -0.052980132450331126, -0.10191082802547771, -0.09696969696969697, -0.052980132450331126, -0.09696969696969697, -0.09696969696969697, -0.09696969696969697, -0.09696969696969697, -0.10191082802547771, -0.09696969696969697, -0.09696969696969697, -0.09696969696969697, -0.06962025316455696, -0.052980132450331126, -0.09696969696969697, -0.09696969696969697, -0.052980132450331126]
['lucene, 0.25', -0.012658227848101266, -0.07643312101910828, -0.08917197452229299, -0.10596026490066225, -0.02531645569620253, -0.06962025316455696, -0.03636363636363636, -0.024242424242424242, -0.050955414012738856, -0.02531645569620253, -0.0189873417721519, -0.024242424242424242, -0.05063291139240506, -0.059602649006622516, -0.012658227848101266, -0.013245033112582781, 0.0, -0.03636363636363636, -0.06962025316455696, -0.05063291139240506, 0.0, -0.026490066225165563, -0.046357615894039736, -0.10909090909090909]
['lucene, 0.5', -0.07947019867549669, -0.09554140127388536, -0.024242424242424242, -0.01910828025477707, -0.059602649006622516, -0.03821656050955414, -0.04430379746835443, -0.013245033112582781, -0.006622516556291391, -0.056962025316455694, -0.01910828025477707, -0.0379746835443038, -0.12101910828025478, -0.11515151515151516, -0.030303030303030304, -0.048484848484848485, -0.24050632911392406, -0.006622516556291391, -0.17721518987341772, -0.024242424242424242, -0.07006369426751592, -0.08484848484848485, -0.044585987261146494, -0.030303030303030304]
['lucene, 0.75', -0.033112582781456956, 0.0, -0.09554140127388536, -0.030303030303030304, -0.17880794701986755, -0.1962025316455696, -0.006329113924050633, -0.10126582278481013, -0.03636363636363636, -0.10126582278481013, 0.0, -0.006060606060606061, -0.03636363636363636, -0.06666666666666667, -0.08227848101265822, -0.006369426751592357, -0.12101910828025478, -0.019867549668874173, -0.048484848484848485, -0.2185430463576159, -0.45695364238410596, 0.0, -0.059602649006622516, -0.006329113924050633]
['lucene, 0.25, weight', -0.02531645569620253, -0.09696969696969697, -0.0189873417721519, -0.012738853503184714, -0.012738853503184714, -0.006060606060606061, -0.048484848484848485, -0.033112582781456956, 0.0, -0.033112582781456956, -0.052980132450331126, -0.052980132450331126, -0.03636363636363636, -0.024242424242424242, -0.048484848484848485, -0.012738853503184714, -0.033112582781456956, -0.10828025477707007, -0.046357615894039736, -0.04242424242424243, -0.03164556962025317, -0.024242424242424242, -0.14556962025316456, -0.012658227848101266]
['lucene, 0.5, weight', -0.01818181818181818, -0.033112582781456956, -0.019867549668874173, 0.0, -0.006060606060606061, -0.12738853503184713, -0.06962025316455696, -0.10126582278481013, -0.2185430463576159, -0.033112582781456956, -0.012738853503184714, -0.048484848484848485, -0.06622516556291391, -0.046357615894039736, -0.06666666666666667, -0.34177215189873417, 0.0, -0.09933774834437085, -0.2913907284768212, -0.02531645569620253, -0.07272727272727272, -0.22424242424242424, -0.006369426751592357, -0.189873417721519]
['lucene, 0.75, weight', -0.11258278145695365, -0.33112582781456956, -0.033112582781456956, -0.048484848484848485, -0.10126582278481013, -0.033112582781456956, 0.0, -0.0189873417721519, -0.01910828025477707, -0.033112582781456956, -0.07878787878787878, -0.012658227848101266, -0.17721518987341772, -0.024242424242424242, -0.044585987261146494, -0.06622516556291391, -0.05732484076433121, 0.0, -0.006329113924050633, -0.0728476821192053, -0.3939393939393939, -0.01910828025477707, -0.17721518987341772, -0.06329113924050633]
['lucene, 0.25, weight, iP= 50\\%', -0.052980132450331126, -0.056962025316455694, -0.06329113924050633, -0.052980132450331126, -0.026490066225165563, -0.033112582781456956, -0.06060606060606061, -0.06369426751592357, -0.08227848101265822, -0.07878787878787878, -0.006622516556291391, -0.0379746835443038, -0.09090909090909091, -0.025477707006369428, -0.07947019867549669, -0.030303030303030304, -0.08280254777070063, -0.03184713375796178, -0.030303030303030304, -0.06329113924050633, -0.07006369426751592, -0.04242424242424243, -0.04430379746835443, 0.0]
['lucene, 0.5, weight, iP= 50\\%', -0.044585987261146494, -0.06060606060606061, -0.039735099337748346, -0.07878787878787878, 0.0, -0.013245033112582781, -0.026490066225165563, -0.033112582781456956, -0.06666666666666667, -0.03184713375796178, -0.02531645569620253, -0.03821656050955414, -0.012658227848101266, -0.07272727272727272, -0.050955414012738856, -0.09554140127388536, -0.030303030303030304, -0.05732484076433121, -0.05454545454545454, -0.026490066225165563, -0.056962025316455694, -0.025477707006369428, -0.06666666666666667, -0.059602649006622516]
['lucene, 0.75, weight, iP= 50\\%', -0.07947019867549669, -0.0759493670886076, -0.013245033112582781, -0.08860759493670886, -0.11515151515151516, -0.06622516556291391, -0.09696969696969697, -0.044585987261146494, -0.04242424242424243, -0.13245033112582782, 0.0, -0.006622516556291391, -0.12582781456953643, -0.03636363636363636, -0.05732484076433121, -0.0949367088607595, -0.0728476821192053, 0.0, -0.06060606060606061, -0.10303030303030303, -0.08227848101265822, -0.15822784810126583, -0.08860759493670886, -0.12121212121212122]
