['poi, Base', -0.1111111111111111, -0.07065217391304347, -0.11976047904191617, -0.08585858585858586, -0.052083333333333336, -0.14563106796116504, -0.06779661016949153, -0.11330049261083744, -0.05851063829787234, -0.056179775280898875, -0.13496932515337423, -0.09142857142857143, -0.09090909090909091, -0.07109004739336493, -0.08854166666666667, -0.05025125628140704, -0.10050251256281408, -0.0970873786407767, -0.06779661016949153, -0.12626262626262627, -0.17647058823529413, -0.046153846153846156, -0.14835164835164835, -0.0861244019138756]
['poi, 0.25', -0.06532663316582915, -0.25906735751295334, 0.0, -0.08247422680412371, -0.015625, 0.0, -0.14814814814814814, -0.005649717514124294, -0.061611374407582936, -0.43529411764705883, -0.13366336633663367, -0.2893401015228426, -0.00558659217877095, -0.014925373134328358, -0.08280254777070063, -0.030303030303030304, -0.005235602094240838, -0.04975124378109453, -0.2315270935960591, -0.010101010101010102, -0.03398058252427184, -0.1987179487179487, -0.09333333333333334, -0.061855670103092786]
['poi, 0.5', -0.3442622950819672, -0.021164021164021163, -0.10416666666666667, -0.004807692307692308, -0.07582938388625593, -0.08695652173913043, -0.22105263157894736, -0.015873015873015872, 0.0, -0.025252525252525252, -0.2929936305732484, -0.07425742574257425, -0.05945945945945946, -0.057291666666666664, -0.11428571428571428, -0.0273224043715847, -0.004672897196261682, -0.03759398496240601, -0.03468208092485549, -0.032467532467532464, -0.015789473684210527, -0.30097087378640774, 0.0, -0.04736842105263158]
['poi, 0.75', -0.12385321100917432, -0.023255813953488372, -0.020833333333333332, 0.0, -0.05699481865284974, -0.03827751196172249, -0.054187192118226604, -0.027777777777777776, -0.0821917808219178, -0.024390243902439025, 0.0, -0.0045662100456621, -0.042328042328042326, 0.0, -0.03980099502487562, -0.3373493975903614, -0.8571428571428571, -0.005263157894736842, -0.04145077720207254, -0.10152284263959391, -0.022598870056497175, -0.125, -0.01485148514851485, 0.0]
['poi, 0.25, weight', -0.3147208121827411, -0.18571428571428572, -0.1262135922330097, -0.1111111111111111, -0.28365384615384615, 0.0, -0.09223300970873786, -0.03571428571428571, 0.0, -0.0892018779342723, -0.1348314606741573, -0.075, -0.07065217391304347, -0.1340782122905028, -0.02926829268292683, -0.01951219512195122, -0.029850746268656716, -0.2182741116751269, -0.05521472392638037, -0.16145833333333334, -0.2647058823529412, -0.05555555555555555, -0.010582010582010581, -0.06097560975609756]
['poi, 0.5, weight', -0.07453416149068323, -0.02072538860103627, -0.21359223300970873, -0.023952095808383235, 0.0, -0.04326923076923077, -0.23267326732673269, -0.2625, -0.1650485436893204, -0.39361702127659576, -0.10606060606060606, -0.020689655172413793, -0.24875621890547264, -0.09693877551020408, -0.1834319526627219, -0.00966183574879227, -0.03125, -0.22758620689655173, -0.04854368932038835, -0.013157894736842105, -0.006172839506172839, -0.03205128205128205, -0.025252525252525252, -0.075]
['poi, 0.75, weight', 0.0, -0.43564356435643564, -0.05154639175257732, 0.0, -0.025252525252525252, -0.05732484076433121, -0.5165876777251185, -0.020202020202020204, 0.0, -0.36, -0.40444444444444444, -0.004524886877828055, -0.0718562874251497, -0.004878048780487805, -0.01809954751131222, -0.1291866028708134, -0.011111111111111112, -0.0449438202247191, -0.013513513513513514, -0.00625, -0.03954802259887006, -0.6868686868686869, -0.10112359550561797, -0.017391304347826087]
['poi, 0.25, weight, iP= 50\\%', -0.06829268292682927, -0.1144578313253012, -0.20320855614973263, -0.052941176470588235, -0.11666666666666667, -0.1683673469387755, -0.12437810945273632, -0.1641025641025641, -0.23711340206185566, -0.1503267973856209, -0.020202020202020204, -0.07647058823529412, -0.06403940886699508, -0.2, -0.11267605633802817, -0.13705583756345177, -0.2768361581920904, -0.06, -0.17714285714285713, -0.14634146341463414, -0.08064516129032258, -0.11627906976744186, -0.13297872340425532, -0.1347517730496454]
['poi, 0.5, weight, iP= 50\\%', -0.17370892018779344, -0.05851063829787234, -0.08108108108108109, -0.2597402597402597, -0.04739336492890995, -0.45, -0.11042944785276074, -0.24170616113744076, -0.15934065934065933, -0.2465753424657534, -0.05263157894736842, -0.020618556701030927, -0.1409090909090909, -0.1932367149758454, 0.0, -0.12077294685990338, -0.10900473933649289, -0.2474747474747475, -0.17, -0.23737373737373738, -0.09844559585492228, -0.03980099502487562, -0.2843601895734597, -0.05921052631578947]
['poi, 0.75, weight, iP= 50\\%', -0.6086956521739131, -0.11214953271028037, -0.020202020202020204, -0.4, -0.3951219512195122, -0.44329896907216493, -0.1507537688442211, -0.1919191919191919, -0.14215686274509803, -0.1323529411764706, -0.030927835051546393, -0.056818181818181816, -0.015625, -0.21354166666666666, -0.06965174129353234, -0.5059523809523809, -0.3270440251572327, -0.03260869565217391, -0.2193877551020408, -0.19411764705882353, -0.423963133640553, -0.13986013986013987, -0.03349282296650718, -0.06635071090047394]
