['poi, Baseline', -0.1111111111111111, -0.10232558139534884, -0.031578947368421054, -0.08205128205128205, -0.10101010101010101, -0.16, -0.1568627450980392, -0.07142857142857142, -0.0945273631840796, -0.0948905109489051, -0.11386138613861387, -0.0663265306122449, -0.0650887573964497, -0.09375, -0.08040201005025126, -0.09836065573770492, -0.07920792079207921, -0.09523809523809523, -0.0979381443298969, -0.08695652173913043, -0.06976744186046512, -0.013888888888888888, -0.0851063829787234, -0.09230769230769231]
['poi, 0.25', -0.08520179372197309, -0.15104166666666666, -0.21656050955414013, -0.15346534653465346, -0.29444444444444445, -0.04712041884816754, -0.16489361702127658, -0.233502538071066, -0.019704433497536946, -0.10989010989010989, -0.31958762886597936, -0.04854368932038835, -0.15384615384615385, -0.11702127659574468, -0.2222222222222222, -0.1165644171779141, 0.0, -0.11052631578947368, -0.058823529411764705, -0.035175879396984924, -0.3279569892473118, -0.013953488372093023, -0.2524271844660194, -0.22580645161290322]
['poi, 0.5', -0.2538860103626943, -0.020512820512820513, -0.005813953488372093, -0.004878048780487805, -0.03365384615384615, -0.010416666666666666, 0.0, -0.3163841807909605, -0.22099447513812154, -0.005208333333333333, -0.06701030927835051, -0.020202020202020204, -0.04430379746835443, -0.13756613756613756, 0.0, -0.018404907975460124, -0.265625, -0.32673267326732675, -0.021621621621621623, -0.3170731707317073, -0.11822660098522167, -0.17261904761904762, 0.0, -0.04477611940298507]
['poi, 0.75', -0.09905660377358491, -0.005128205128205128, -0.015789473684210527, -0.7712418300653595, -0.3333333333333333, -0.005917159763313609, -0.06435643564356436, -0.26865671641791045, -0.0048543689320388345, 0.0, -0.7333333333333333, -0.025252525252525252, -0.14832535885167464, -0.13471502590673576, 0.0, -0.6878612716763006, -0.1319796954314721, -0.734375, -0.5, -0.004608294930875576, -0.03896103896103896, -0.6502732240437158, -0.19158878504672897, -0.02564102564102564]
['poi, 0.25, weight', -0.12871287128712872, -0.026737967914438502, -0.009009009009009009, -0.01485148514851485, -0.16666666666666666, -0.024271844660194174, -0.08235294117647059, -0.08383233532934131, -0.08982035928143713, -0.03070175438596491, -0.12195121951219512, -0.015463917525773196, -0.037914691943127965, -0.15083798882681565, -0.027777777777777776, -0.07303370786516854, -0.1827956989247312, -0.005154639175257732, -0.04419889502762431, -0.07075471698113207, -0.13450292397660818, -0.08780487804878048, 0.0, -0.07954545454545454]
['poi, 0.5, weight', -0.005208333333333333, -0.20187793427230047, -0.14450867052023122, -0.23300970873786409, -0.11801242236024845, -0.0707070707070707, -0.03015075376884422, -0.05472636815920398, -0.010101010101010102, -0.1702127659574468, -0.125, -0.031914893617021274, -0.14814814814814814, 0.0, -0.05581395348837209, -0.04861111111111111, -0.06341463414634146, -0.04807692307692308, -0.03535353535353535, -0.07692307692307693, -0.3877551020408163, -0.052132701421800945, 0.0, -0.030456852791878174]
['poi, 0.75, weight', 0.0, -0.6984924623115578, -0.011428571428571429, -0.4909090909090909, -0.005050505050505051, -0.06435643564356436, -0.1574074074074074, -0.0273224043715847, -0.3333333333333333, -0.5196078431372549, 0.0, -0.04697986577181208, -0.0136986301369863, 0.0, -0.3160377358490566, 0.0, 0.0, -0.5028571428571429, -0.109375, -0.08780487804878048, -0.04390243902439024, -0.030612244897959183, -0.005494505494505495, 0.0]
['poi, 0.25, weight, iP= 50\\%', -0.07246376811594203, -0.10426540284360189, -0.1092896174863388, -0.2222222222222222, -0.16831683168316833, -0.0582010582010582, -0.06565656565656566, -0.22727272727272727, -0.1346153846153846, -0.22988505747126436, -0.049079754601226995, -0.049689440993788817, -0.14634146341463414, -0.1794871794871795, -0.019417475728155338, -0.014925373134328358, -0.05339805825242718, -0.04430379746835443, -0.12371134020618557, -0.10837438423645321, -0.056338028169014086, -0.12883435582822086, -0.07653061224489796, -0.1527777777777778]
['poi, 0.5, weight, iP= 50\\%', -0.02336448598130841, -0.11724137931034483, -0.031413612565445025, -0.10152284263959391, -0.03, -0.05056179775280899, -0.06965174129353234, -0.13170731707317074, -0.10945273631840796, -0.12727272727272726, -0.19617224880382775, -0.030927835051546393, -0.24878048780487805, -0.036458333333333336, -0.17177914110429449, -0.045454545454545456, -0.22162162162162163, -0.27692307692307694, -0.07246376811594203, -0.24571428571428572, -0.01507537688442211, -0.10377358490566038, -0.0392156862745098, -0.10471204188481675]
['poi, 0.75, weight, iP= 50\\%', -0.03535353535353535, -0.024875621890547265, -0.16751269035532995, -0.09815950920245399, -0.11274509803921569, -0.21212121212121213, -0.17297297297297298, -0.36318407960199006, -0.24528301886792453, -0.046052631578947366, -0.03626943005181347, -0.11834319526627218, -0.34146341463414637, -0.06040268456375839, -0.3882978723404255, -0.7435897435897436, -0.026737967914438502, -0.17791411042944785, -0.034482758620689655, -0.43005181347150256, -0.21212121212121213, -0.14835164835164835, -0.3484848484848485, -0.1919191919191919]
