['synapse, Baseline', -0.15384615384615385, -0.15384615384615385, -0.15384615384615385, -0.15384615384615385, -0.15384615384615385, -0.15384615384615385, -0.15384615384615385, -0.15384615384615385, -0.15384615384615385, -0.15384615384615385, -0.15384615384615385, -0.15384615384615385, -0.15384615384615385, -0.15384615384615385, -0.15384615384615385, -0.15384615384615385, -0.15384615384615385, -0.15384615384615385, -0.15384615384615385, -0.15384615384615385, -0.15384615384615385, -0.15384615384615385, -0.15384615384615385, -0.15384615384615385]
['synapse, 0.25', -0.09615384615384616, -0.17307692307692307, -0.15384615384615385, -0.15384615384615385, -0.15384615384615385, -0.057692307692307696, -0.23076923076923078, -0.11538461538461539, -0.057692307692307696, -0.17307692307692307, -0.1346153846153846, -0.11538461538461539, -0.19230769230769232, -0.19230769230769232, -0.19230769230769232, -0.1346153846153846, -0.09615384615384616, -0.19230769230769232, -0.11538461538461539, -0.15384615384615385, -0.17307692307692307, -0.21153846153846154, -0.21153846153846154, -0.17307692307692307]
['synapse, 0.5', -0.15384615384615385, -0.25, -0.21153846153846154, -0.23076923076923078, -0.19230769230769232, -0.3269230769230769, -0.15384615384615385, -0.17307692307692307, -0.7307692307692307, -0.25, -0.15384615384615385, -0.15384615384615385, -0.15384615384615385, -0.23076923076923078, -0.11538461538461539, -0.15384615384615385, -0.15384615384615385, -0.17307692307692307, -0.15384615384615385, -0.1346153846153846, -0.1346153846153846, -0.38461538461538464, -0.17307692307692307, -0.11538461538461539]
['synapse, 0.75', -0.23076923076923078, -0.21153846153846154, -0.1346153846153846, -0.15384615384615385, -0.3269230769230769, -0.3269230769230769, -0.09615384615384616, -0.6346153846153846, -0.9423076923076923, -0.5576923076923077, -0.6538461538461539, -0.40384615384615385, -0.1346153846153846, -0.34615384615384615, -0.15384615384615385, -0.21153846153846154, -0.75, -0.15384615384615385, -0.15384615384615385, -0.21153846153846154, -0.7307692307692307, -0.19230769230769232, -0.23076923076923078, -0.5192307692307693]
['synapse, 0.25, weight', -0.07692307692307693, -0.17307692307692307, -0.15384615384615385, -0.09615384615384616, -0.15384615384615385, -0.09615384615384616, -0.19230769230769232, -0.15384615384615385, -0.15384615384615385, -0.1346153846153846, -0.17307692307692307, -0.5769230769230769, -0.19230769230769232, -0.1346153846153846, -0.15384615384615385, -0.15384615384615385, -0.15384615384615385, -0.15384615384615385, -0.11538461538461539, -0.15384615384615385, -0.1346153846153846, -0.07692307692307693, -0.19230769230769232, -0.1346153846153846]
['synapse, 0.5, weight', -0.1346153846153846, -0.15384615384615385, -0.15384615384615385, -0.28846153846153844, -0.17307692307692307, -0.46153846153846156, -0.23076923076923078, -0.40384615384615385, -0.23076923076923078, -0.11538461538461539, -0.19230769230769232, -0.40384615384615385, -0.15384615384615385, -0.1346153846153846, -0.1346153846153846, -0.1346153846153846, -0.17307692307692307, -0.1346153846153846, -0.17307692307692307, -0.36538461538461536, -0.5961538461538461, -0.4807692307692308, -0.17307692307692307, -0.15384615384615385]
['synapse, 0.75, weight', -0.38461538461538464, -0.15384615384615385, -0.19230769230769232, -0.17307692307692307, -0.09615384615384616, -0.1346153846153846, -0.5769230769230769, -0.19230769230769232, -0.11538461538461539, -0.19230769230769232, -0.40384615384615385, -0.6538461538461539, -0.5769230769230769, -0.19230769230769232, -0.15384615384615385, -0.23076923076923078, -0.15384615384615385, -0.21153846153846154, -0.6730769230769231, -0.15384615384615385, -0.6153846153846154, -0.7692307692307693, -0.5384615384615384, -0.4230769230769231]
['synapse, 0.25, weight, iP= 50\\%', -0.15384615384615385, -0.1346153846153846, -0.1346153846153846, -0.1346153846153846, -0.11538461538461539, -0.15384615384615385, -0.15384615384615385, -0.19230769230769232, -0.11538461538461539, -0.15384615384615385, -0.15384615384615385, -0.15384615384615385, -0.11538461538461539, -0.1346153846153846, -0.1346153846153846, -0.17307692307692307, -0.15384615384615385, -0.11538461538461539, -0.17307692307692307, -0.15384615384615385, -0.09615384615384616, -0.11538461538461539, -0.17307692307692307, -0.1346153846153846]
['synapse, 0.5, weight, iP= 50\\%', -0.17307692307692307, -0.19230769230769232, -0.1346153846153846, -0.23076923076923078, -0.15384615384615385, -0.09615384615384616, -0.11538461538461539, -0.15384615384615385, -0.17307692307692307, -0.17307692307692307, -0.17307692307692307, -0.17307692307692307, -0.15384615384615385, -0.1346153846153846, -0.1346153846153846, -0.11538461538461539, -0.09615384615384616, -0.23076923076923078, -0.09615384615384616, -0.1346153846153846, -0.11538461538461539, -0.17307692307692307, -0.11538461538461539, -0.09615384615384616]
['synapse, 0.75, weight, iP= 50\\%', -0.1346153846153846, -0.19230769230769232, -0.17307692307692307, -0.23076923076923078, -0.19230769230769232, -0.17307692307692307, -0.17307692307692307, -0.17307692307692307, -0.1346153846153846, -0.1346153846153846, -0.1346153846153846, -0.19230769230769232, -0.17307692307692307, -0.15384615384615385, -0.17307692307692307, -0.1346153846153846, -0.19230769230769232, -0.19230769230769232, -0.19230769230769232, -0.19230769230769232, -0.17307692307692307, -0.15384615384615385, -0.19230769230769232, -0.17307692307692307]
