['velocity, Base', -0.013333333333333334, -0.027777777777777776, -0.0547945205479452, -0.0136986301369863, -0.0273972602739726, -0.06944444444444445, -0.02702702702702703, -0.0684931506849315, -0.013333333333333334, -0.0273972602739726, -0.0547945205479452, -0.0684931506849315, -0.0547945205479452, -0.06578947368421052, -0.09333333333333334, -0.05405405405405406, -0.0273972602739726, -0.0547945205479452, -0.0273972602739726, -0.05405405405405406, -0.014285714285714285, -0.0684931506849315, -0.0547945205479452, -0.0273972602739726]
['velocity, 0.25', -0.1232876712328767, -0.0641025641025641, -0.02666666666666667, -0.0273972602739726, -0.06578947368421052, -0.08333333333333333, -0.04054054054054054, 0.0, -0.039473684210526314, -0.0684931506849315, -0.05194805194805195, -0.0273972602739726, -0.10666666666666667, -0.013513513513513514, -0.2876712328767123, -0.05555555555555555, -0.0684931506849315, -0.05333333333333334, -0.0273972602739726, -0.02702702702702703, -0.09722222222222222, -0.06578947368421052, -0.11267605633802817, -0.1527777777777778]
['velocity, 0.5', -0.041666666666666664, -0.0547945205479452, 0.0, -0.0273972602739726, -0.0821917808219178, -0.02702702702702703, -0.02857142857142857, -0.1780821917808219, -0.0273972602739726, -0.02857142857142857, -0.0958904109589041, -0.0136986301369863, -0.028169014084507043, -0.014084507042253521, -0.02666666666666667, -0.0410958904109589, -0.0547945205479452, -0.02702702702702703, -0.025974025974025976, -0.05333333333333334, -0.025974025974025976, -0.0136986301369863, -0.02702702702702703, -0.18421052631578946]
['velocity, 0.75', -0.014285714285714285, -0.06578947368421052, 0.0, -0.36363636363636365, -0.14666666666666667, -0.0410958904109589, -0.06578947368421052, -0.4666666666666667, -0.2465753424657534, -0.04054054054054054, 0.0, -0.0410958904109589, -0.025974025974025976, -0.2, -0.0945945945945946, -0.027777777777777776, 0.0, -0.0136986301369863, 0.0, -0.07894736842105263, -0.027777777777777776, -0.25333333333333335, -0.02631578947368421, 0.0]
['velocity, 0.25, weight', -0.05194805194805195, -0.0547945205479452, -0.09722222222222222, -0.06578947368421052, -0.0821917808219178, -0.0821917808219178, -0.0821917808219178, -0.05714285714285714, -0.10666666666666667, -0.0958904109589041, -0.08333333333333333, -0.06756756756756757, -0.1232876712328767, -0.0273972602739726, -0.05194805194805195, -0.06578947368421052, -0.09210526315789473, -0.04, -0.02702702702702703, -0.014285714285714285, -0.06944444444444445, -0.0273972602739726, -0.0410958904109589, -0.07042253521126761]
['velocity, 0.5, weight', -0.04054054054054054, -0.15789473684210525, -0.0136986301369863, -0.04054054054054054, -0.05194805194805195, -0.0273972602739726, -0.056338028169014086, -0.04, -0.0547945205479452, -0.013513513513513514, -0.013888888888888888, -0.0273972602739726, -0.041666666666666664, -0.0273972602739726, -0.04054054054054054, -0.013888888888888888, -0.02702702702702703, 0.0, -0.06578947368421052, -0.04, -0.02702702702702703, -0.0136986301369863, -0.039473684210526314, -0.06756756756756757]
['velocity, 0.75, weight', -0.04285714285714286, -0.05555555555555555, 0.0, -0.05194805194805195, -0.0410958904109589, -0.02702702702702703, -0.12857142857142856, -0.2054794520547945, -0.041666666666666664, 0.0, -0.3013698630136986, -0.02702702702702703, -0.014285714285714285, -0.02666666666666667, 0.0, -0.041666666666666664, -0.0136986301369863, -0.027777777777777776, 0.0, -0.17333333333333334, 0.0, -0.02666666666666667, -0.7183098591549296, -0.0273972602739726]
['velocity, 0.25, weight, iP= 50\\%', -0.05405405405405406, -0.013888888888888888, 0.0, -0.06666666666666667, -0.05333333333333334, -0.0410958904109589, -0.05405405405405406, -0.0273972602739726, -0.0136986301369863, -0.05555555555555555, -0.08108108108108109, -0.0273972602739726, -0.05263157894736842, -0.041666666666666664, -0.08450704225352113, -0.02666666666666667, -0.06944444444444445, -0.07142857142857142, -0.0273972602739726, -0.06578947368421052, -0.02857142857142857, -0.02857142857142857, -0.014084507042253521, -0.02857142857142857]
['velocity, 0.5, weight, iP= 50\\%', -0.06666666666666667, -0.05555555555555555, -0.02857142857142857, -0.11428571428571428, -0.273972602739726, -0.0547945205479452, -0.09210526315789473, -0.05555555555555555, -0.0136986301369863, -0.041666666666666664, -0.02702702702702703, -0.10526315789473684, -0.05263157894736842, -0.1780821917808219, -0.12162162162162163, -0.06756756756756757, -0.10666666666666667, -0.22857142857142856, -0.23943661971830985, -0.16, -0.04, -0.04225352112676056, -0.06756756756756757, -0.028169014084507043]
['velocity, 0.75, weight, iP= 50\\%', -0.12, -0.08571428571428572, -0.02857142857142857, -0.0684931506849315, -0.04285714285714286, -0.1891891891891892, -0.2191780821917808, -0.02702702702702703, -0.0547945205479452, -0.06756756756756757, -0.05405405405405406, -0.05405405405405406, -0.04054054054054054, -0.1111111111111111, -0.1506849315068493, -0.14864864864864866, -0.06944444444444445, -0.09333333333333334, -0.05263157894736842, -0.20833333333333334, -0.039473684210526314, -0.0684931506849315, -0.0547945205479452, -0.0547945205479452]
