['velocity, Baseline', -0.013333333333333334, -0.0273972602739726, -0.027777777777777776, -0.06578947368421052, -0.05405405405405406, -0.014285714285714285, -0.041666666666666664, -0.014285714285714285, -0.06666666666666667, -0.0547945205479452, -0.0273972602739726, -0.06578947368421052, -0.014285714285714285, -0.0684931506849315, -0.0684931506849315, -0.013333333333333334, -0.0684931506849315, -0.07894736842105263, -0.06578947368421052, -0.06666666666666667, -0.06666666666666667, -0.07894736842105263, -0.09333333333333334, -0.06666666666666667]
['velocity, 0.25', -0.0958904109589041, 0.0, -0.0410958904109589, -0.0945945945945946, -0.0273972602739726, -0.0821917808219178, -0.0684931506849315, -0.0684931506849315, -0.06578947368421052, -0.05555555555555555, -0.05714285714285714, -0.05555555555555555, -0.04, -0.06756756756756757, -0.04, -0.08108108108108109, -0.013888888888888888, -0.013513513513513514, -0.125, -0.0821917808219178, 0.0, -0.06944444444444445, -0.0410958904109589, -0.05263157894736842]
['velocity, 0.5', -0.08571428571428572, -0.18181818181818182, -0.0273972602739726, -0.0684931506849315, -0.04, -0.22666666666666666, -0.039473684210526314, -0.10810810810810811, -0.039473684210526314, -0.02702702702702703, -0.1095890410958904, 0.0, -0.041666666666666664, -0.16666666666666666, -0.0273972602739726, -0.027777777777777776, -0.0273972602739726, -0.2638888888888889, -0.0273972602739726, -0.027777777777777776, -0.039473684210526314, -0.04285714285714286, -0.02631578947368421, -0.06756756756756757]
['velocity, 0.75', 0.0, -0.08, 0.0, -0.05263157894736842, -0.08571428571428572, 0.0, 0.0, -0.012987012987012988, 0.0, -0.05405405405405406, -0.0273972602739726, 0.0, -0.041666666666666664, -0.06666666666666667, -0.12, -0.0273972602739726, -0.0410958904109589, -0.0136986301369863, -0.04, -0.013888888888888888, -0.3013698630136986, -0.013888888888888888, -0.0273972602739726, -0.05263157894736842]
['velocity, 0.25, weight', -0.0273972602739726, -0.013513513513513514, -0.08571428571428572, -0.0136986301369863, -0.02702702702702703, -0.06578947368421052, -0.02702702702702703, -0.04, -0.05405405405405406, -0.06578947368421052, -0.0547945205479452, -0.08, -0.05405405405405406, -0.08333333333333333, -0.02702702702702703, -0.02702702702702703, -0.0136986301369863, -0.02857142857142857, -0.05714285714285714, -0.041666666666666664, -0.039473684210526314, -0.06756756756756757, -0.24324324324324326, -0.013888888888888888]
['velocity, 0.5, weight', -0.0410958904109589, -0.039473684210526314, -0.0136986301369863, -0.0410958904109589, -0.0136986301369863, -0.1780821917808219, 0.0, -0.0273972602739726, 0.0, -0.0410958904109589, -0.0958904109589041, -0.08571428571428572, -0.0136986301369863, -0.027777777777777776, -0.0273972602739726, -0.039473684210526314, -0.013513513513513514, -0.014285714285714285, -0.1, -0.013888888888888888, -0.02702702702702703, -0.05555555555555555, 0.0, -0.013513513513513514]
['velocity, 0.75, weight', -0.04285714285714286, 0.0, -0.0821917808219178, -0.027777777777777776, -0.012987012987012988, -0.136986301369863, -0.041666666666666664, 0.0, -0.02631578947368421, -0.3333333333333333, -0.013157894736842105, -0.6973684210526315, 0.0, -0.13513513513513514, -0.06578947368421052, -0.0547945205479452, -0.02631578947368421, -0.0273972602739726, 0.0, -0.0136986301369863, -0.125, -0.05333333333333334, -0.02666666666666667, -0.04054054054054054]
['velocity, 0.25, weight, iP= 50\\%', -0.06493506493506493, -0.0821917808219178, -0.014285714285714285, -0.06756756756756757, -0.09333333333333334, -0.0273972602739726, -0.07894736842105263, -0.0945945945945946, -0.06578947368421052, -0.06666666666666667, -0.0821917808219178, -0.09090909090909091, -0.013513513513513514, -0.09210526315789473, -0.0547945205479452, -0.06666666666666667, -0.05555555555555555, -0.0547945205479452, -0.04, -0.027777777777777776, -0.08333333333333333, -0.014285714285714285, -0.0547945205479452, -0.0684931506849315]
['velocity, 0.5, weight, iP= 50\\%', -0.25333333333333335, -0.08, -0.08, -0.0821917808219178, -0.0547945205479452, -0.04054054054054054, -0.027777777777777776, -0.09333333333333334, -0.0684931506849315, -0.02857142857142857, -0.0410958904109589, 0.0, -0.1232876712328767, -0.09210526315789473, -0.04285714285714286, -0.041666666666666664, -0.24324324324324326, -0.0410958904109589, -0.0273972602739726, -0.0684931506849315, -0.08108108108108109, -0.08333333333333333, -0.0684931506849315, -0.013888888888888888]
['velocity, 0.75, weight, iP= 50\\%', -0.1232876712328767, -0.07692307692307693, -0.11688311688311688, -0.0410958904109589, -0.20270270270270271, -0.08571428571428572, -0.027777777777777776, -0.08450704225352113, -0.07142857142857142, -0.0410958904109589, -0.0547945205479452, -0.0684931506849315, -0.1794871794871795, -0.07894736842105263, -0.027777777777777776, -0.07894736842105263, -0.0410958904109589, -0.10666666666666667, -0.0410958904109589, -0.02857142857142857, -0.02702702702702703, -0.06493506493506493, -0.0410958904109589, -0.11428571428571428]
