['xalan, Base', -0.09156626506024096, -0.09156626506024096, -0.10049019607843138, -0.04938271604938271, -0.1394736842105263, -0.07455012853470437, -0.07177033492822966, -0.07281553398058252, -0.07651715039577836, -0.09326424870466321, -0.09178743961352658, -0.11868686868686869, -0.10696517412935323, -0.11528822055137844, -0.07407407407407407, -0.10309278350515463, -0.08333333333333333, -0.12259615384615384, -0.08136482939632546, -0.07537688442211055, -0.05808080808080808, -0.08018867924528301, -0.056372549019607844, -0.10309278350515463]
['xalan, 0.25', -0.23690773067331672, -0.26804123711340205, -0.13766233766233765, -0.2631578947368421, -0.3265822784810127, -0.17557251908396945, -0.2800982800982801, -0.17142857142857143, -0.43209876543209874, -0.2506203473945409, -0.07633587786259542, -0.11162790697674418, -0.17037037037037037, -0.12371134020618557, -0.07989690721649484, -0.11779448621553884, -0.19338422391857507, -0.1855421686746988, -0.19480519480519481, -0.23711340206185566, -0.3176178660049628, -0.1783132530120482, -0.02132701421800948, -0.09923664122137404]
['xalan, 0.5', -0.6658476658476659, -0.381294964028777, -0.09647058823529411, -0.4271356783919598, -0.33665835411471323, -0.3123425692695214, -0.5012048192771085, -0.039603960396039604, -0.6401985111662531, -0.17754569190600522, -0.1994949494949495, -0.379746835443038, -0.17114914425427874, -0.5024390243902439, -0.49370277078085645, -0.23373493975903614, -0.4201474201474201, -0.1162227602905569, -0.06490384615384616, -0.3231552162849873, -0.5148514851485149, -0.531328320802005, -0.47549019607843135, -0.39577836411609496]
['xalan, 0.75', -0.07291666666666667, -0.13253012048192772, -0.05555555555555555, -0.1571072319201995, -0.6476190476190476, -0.2973621103117506, -0.351010101010101, -0.042821158690176324, -0.025510204081632654, -0.13975903614457832, -0.5378590078328982, -0.12373737373737374, -0.6919191919191919, -0.3805970149253731, -0.21188630490956073, -0.06338028169014084, -0.22020725388601037, -0.7597911227154047, -0.17142857142857143, -0.39855072463768115, -0.2194513715710723, -0.30848329048843187, -0.46174142480211083, -0.4028436018957346]
['xalan, 0.25, weight', -0.045023696682464455, -0.060240963855421686, -0.15931372549019607, -0.10344827586206896, -0.04773869346733668, -0.06683168316831684, -0.035623409669211195, -0.3208955223880597, -0.17590361445783131, -0.33587786259541985, -0.20843672456575682, -0.08620689655172414, -0.18072289156626506, -0.20565552699228792, -0.09950248756218906, -0.10224438902743142, -0.19, -0.08695652173913043, -0.1282051282051282, -0.08530805687203792, -0.23486682808716708, -0.2263681592039801, -0.28165374677002586, -0.17223650385604114]
['xalan, 0.5, weight', -0.36318407960199006, -0.02891566265060241, -0.10294117647058823, -0.20812182741116753, -0.27860696517412936, -0.7803617571059431, -0.44360902255639095, -0.03132530120481928, -0.14127423822714683, -0.6552631578947369, -0.07710843373493977, -0.11197916666666667, -0.11190476190476191, -0.15813953488372093, -0.38403990024937656, -0.22942643391521197, -0.41445783132530123, -0.23284313725490197, -0.10945273631840796, -0.42676767676767674, -0.5205128205128206, -0.12176165803108809, -0.12436548223350254, -0.2923076923076923]
['xalan, 0.75, weight', -0.7659033078880407, -0.5397590361445783, -0.14216867469879518, -0.10353535353535354, -0.20151133501259447, -0.34805194805194806, -0.5724815724815725, -0.8595641646489104, -0.22704081632653061, -0.20365535248041775, -0.014925373134328358, -0.10249307479224377, -0.23604060913705585, -0.27710843373493976, -0.454320987654321, -0.9225, -0.32987012987012987, -0.9012345679012346, -0.0968586387434555, -0.6210268948655256, -0.698019801980198, -0.6460396039603961, -0.2846153846153846, -0.5822784810126582]
['xalan, 0.25, weight, iP= 50\\%', -0.09156626506024096, -0.1108433734939759, -0.17464114832535885, -0.1649746192893401, -0.20865139949109415, -0.15671641791044777, -0.18795180722891566, -0.09273182957393483, -0.1507537688442211, -0.17412935323383086, -0.1628498727735369, -0.10677083333333333, -0.14285714285714285, -0.162227602905569, -0.09547738693467336, -0.15443037974683543, -0.13246753246753246, -0.10687022900763359, -0.1457286432160804, -0.22, -0.08184143222506395, -0.18717948717948718, -0.07213930348258707, -0.08478802992518704]
['xalan, 0.5, weight, iP= 50\\%', -0.16153846153846155, -0.18251928020565553, -0.18341708542713567, -0.10178117048346055, -0.031007751937984496, -0.12853470437017994, -0.07481296758104738, -0.1493975903614458, -0.07792207792207792, -0.17349397590361446, -0.09090909090909091, -0.20460358056265984, -0.17048346055979643, -0.06265060240963856, -0.04228855721393035, -0.2711864406779661, -0.19651741293532338, -0.18092909535452323, -0.06265060240963856, -0.10301507537688442, -0.11825192802056556, -0.27427184466019416, -0.25699745547073793, -0.04187192118226601]
['xalan, 0.75, weight, iP= 50\\%', -0.21739130434782608, -0.28061224489795916, -0.1590909090909091, -0.23544973544973544, -0.4763092269326683, -0.3433583959899749, -0.08436724565756824, -0.3072916666666667, -0.1414141414141414, -0.11566265060240964, -0.34545454545454546, -0.3542713567839196, -0.21158690176322417, -0.3156626506024096, -0.2753246753246753, -0.04187192118226601, -0.15584415584415584, -0.20207253886010362, -0.11442786069651742, -0.1962864721485411, -0.22872340425531915, -0.16030534351145037, -0.14698795180722893, -0.31592039800995025]
