['xalan, Baseline', -0.09156626506024096, -0.09156626506024096, -0.06870229007633588, -0.08831168831168831, -0.09414758269720101, -0.0746987951807229, -0.13383838383838384, -0.09761904761904762, -0.11528822055137844, -0.07746478873239436, -0.07848101265822785, -0.06923076923076923, -0.082687338501292, -0.09900990099009901, -0.09156626506024096, -0.08072916666666667, -0.07213930348258707, -0.05063291139240506, -0.09414758269720101, -0.08638743455497382, -0.09595959595959595, -0.11388888888888889, -0.09414758269720101, -0.12041884816753927]
['xalan, 0.25', -0.3656716417910448, -0.3170103092783505, -0.1325581395348837, -0.14148681055155876, -0.4896373056994819, -0.07073170731707316, -0.2474747474747475, -0.22388059701492538, -0.2194513715710723, -0.14532019704433496, -0.3423180592991914, -0.20334928229665072, -0.25906735751295334, -0.20051413881748073, -0.10178117048346055, -0.1782178217821782, -0.23482849604221637, -0.29528535980148884, -0.22994652406417113, -0.14603960396039603, -0.3401015228426396, -0.12745098039215685, -0.4844559585492228, -0.08208955223880597]
['xalan, 0.5', -0.5393794749403341, -0.12010443864229765, -0.13253012048192772, -0.245, -0.19164619164619165, -0.22794117647058823, -0.3981042654028436, -0.005089058524173028, -0.21303258145363407, -0.11855670103092783, -0.422680412371134, -0.22469135802469137, -0.047872340425531915, -0.07012987012987013, -0.23387096774193547, -0.1906005221932115, -0.14745308310991956, -0.26005361930294907, -0.5765550239234449, -0.15421686746987953, -0.3855721393034826, -0.37817258883248733, -0.5405405405405406, -0.47837150127226463]
['xalan, 0.75', -0.8956743002544529, -0.13734939759036144, -0.05542168674698795, -0.4719387755102041, -0.2222222222222222, -0.163855421686747, -0.6506329113924051, -0.21628498727735368, -0.6269430051813472, -0.2853470437017995, -0.24093264248704663, -0.06806282722513089, -0.43107769423558895, -0.37404580152671757, -0.09135802469135802, -0.46582278481012657, -0.3291139240506329, -0.6783042394014963, -0.6990049751243781, -0.4166666666666667, -0.40481927710843374, -0.44221105527638194, -0.02891566265060241, -0.16666666666666666]
['xalan, 0.25, weight', -0.08080808080808081, -0.02650602409638554, -0.18087855297157623, -0.36609336609336607, -0.34760705289672544, -0.2537688442211055, -0.21927710843373494, -0.05778894472361809, -0.3425, -0.055825242718446605, -0.14285714285714285, -0.06060606060606061, -0.15121951219512195, -0.06965174129353234, -0.1383495145631068, -0.21717171717171718, -0.15128205128205127, -0.0639386189258312, -0.22788203753351208, -0.1493975903614458, -0.345679012345679, -0.22469135802469137, -0.3646112600536193, -0.28428927680798005]
['xalan, 0.5, weight', -0.02650602409638554, -0.6289156626506024, -0.2545454545454545, -0.27228915662650605, -0.42857142857142855, -0.4625322997416021, -0.11083743842364532, -0.3434343434343434, -0.22020725388601037, -0.07142857142857142, -0.4600484261501211, -0.5547445255474452, -0.5365853658536586, -0.5970149253731343, -0.29473684210526313, -0.2133676092544987, -0.19095477386934673, -0.18518518518518517, -0.5137844611528822, -0.12598425196850394, -0.2835820895522388, -0.1485148514851485, -0.21374045801526717, -0.39054726368159204]
['xalan, 0.75, weight', -0.24186046511627907, -0.030534351145038167, -0.4031413612565445, -0.491566265060241, -0.11566265060240964, -0.10123456790123457, -0.4128205128205128, -0.23214285714285715, -0.06313131313131314, -0.017948717948717947, -0.32142857142857145, -0.5488372093023256, -0.28217821782178215, -0.15776081424936386, -0.4318181818181818, -0.14814814814814814, -0.7595238095238095, -0.8781094527363185, -0.572972972972973, -0.4360313315926893, -0.8405063291139241, -0.31909547738693467, -0.04411764705882353, -0.6181818181818182]
['xalan, 0.25, weight, iP= 50\\%', -0.2289156626506024, -0.15365239294710328, -0.19464720194647203, -0.16626506024096385, -0.13075060532687652, -0.08108108108108109, -0.07894736842105263, -0.06467661691542288, -0.1484375, -0.031496062992125984, -0.195822454308094, -0.14146341463414633, -0.06506024096385542, -0.04040404040404041, -0.17737789203084833, -0.08620689655172414, -0.2152230971128609, -0.02763819095477387, -0.143646408839779, -0.05555555555555555, -0.06940874035989718, -0.16260162601626016, -0.12532637075718014, -0.16080402010050251]
['xalan, 0.5, weight, iP= 50\\%', -0.08771929824561403, -0.058673469387755105, -0.06735751295336788, -0.16321243523316062, -0.024509803921568627, -0.02843601895734597, -0.14492753623188406, -0.06544502617801047, -0.09923664122137404, -0.08860759493670886, -0.045112781954887216, -0.07253886010362694, -0.2193877551020408, -0.05223880597014925, -0.2074074074074074, -0.16876574307304787, -0.07751937984496124, -0.11604938271604938, -0.1628498727735369, -0.11604938271604938, -0.11450381679389313, -0.016260162601626018, -0.24087591240875914, -0.1712846347607053]
['xalan, 0.75, weight, iP= 50\\%', -0.05167958656330749, -0.12468827930174564, -0.19083969465648856, -0.06666666666666667, -0.1686746987951807, -0.20863309352517986, -0.03626943005181347, -0.14214463840399003, -0.1783132530120482, -0.14393939393939395, -0.1784841075794621, -0.2255813953488372, -0.014814814814814815, -0.14795918367346939, -0.03953488372093023, -0.22926829268292684, -0.09350649350649351, -0.0945273631840796, -0.007462686567164179, -0.31862745098039214, -0.2627551020408163, -0.10027855153203342, -0.1534526854219949, -0.14536340852130325]
