['xerces, Base', -0.09090909090909091, -0.07262569832402235, -0.0903954802259887, -0.06289308176100629, -0.125, -0.0962566844919786, -0.07547169811320754, -0.10160427807486631, -0.0898876404494382, -0.10880829015544041, -0.08839779005524862, -0.11475409836065574, -0.10752688172043011, -0.10204081632653061, -0.09836065573770492, -0.08241758241758242, -0.0989010989010989, -0.04678362573099415, -0.10160427807486631, -0.1043956043956044, -0.13903743315508021, -0.06936416184971098, -0.12234042553191489, -0.10326086956521739]
['xerces, 0.25', -0.08241758241758242, -0.14942528735632185, -0.3867403314917127, -0.2430939226519337, -0.1907514450867052, -0.13609467455621302, -0.2777777777777778, -0.19318181818181818, -0.34831460674157305, -0.015625, -0.010810810810810811, -0.011111111111111112, -0.04591836734693878, -0.022099447513812154, -0.06321839080459771, -0.005076142131979695, -0.07526881720430108, -0.2571428571428571, -0.13259668508287292, -0.23121387283236994, -0.42196531791907516, 0.0, -0.18994413407821228, -0.09302325581395349]
['xerces, 0.5', -0.011834319526627219, -0.27717391304347827, -0.13559322033898305, -0.24157303370786518, -0.005780346820809248, -0.19760479041916168, 0.0, 0.0, -0.016304347826086956, -0.018404907975460124, -0.16494845360824742, -0.10614525139664804, -0.18562874251497005, -0.07177033492822966, -0.011904761904761904, -0.030120481927710843, -0.3668639053254438, 0.0, -0.00558659217877095, 0.0, -0.4915254237288136, -0.2988505747126437, -0.005076142131979695, -0.015873015873015872]
['xerces, 0.75', 0.0, -0.017341040462427744, 0.0, -0.005714285714285714, -0.011299435028248588, 0.0, 0.0, -0.6223404255319149, -0.21341463414634146, -0.031746031746031744, -0.5847953216374269, -0.7595628415300546, -0.005494505494505495, -0.021164021164021163, -0.07471264367816093, -0.02617801047120419, -0.6580310880829016, -0.29444444444444445, -0.010471204188481676, -0.005405405405405406, -0.01935483870967742, 0.0, -0.06043956043956044, -0.005917159763313609]
['xerces, 0.25, weight', -0.04419889502762431, -0.08241758241758242, -0.23121387283236994, -0.27380952380952384, -0.3684210526315789, -0.14507772020725387, -0.2422360248447205, -0.023391812865497075, -0.14285714285714285, -0.005747126436781609, -0.12299465240641712, -0.01694915254237288, -0.029585798816568046, -0.11413043478260869, -0.4591194968553459, -0.09714285714285714, -0.09550561797752809, -0.07344632768361582, -0.12021857923497267, -0.011834319526627219, -0.022222222222222223, -0.018518518518518517, 0.0, -0.034482758620689655]
['xerces, 0.5, weight', -0.22085889570552147, 0.0, -0.03680981595092025, -0.010309278350515464, -0.01092896174863388, -0.006060606060606061, -0.3423913043478261, -0.46774193548387094, 0.0, -0.005555555555555556, -0.0055248618784530384, -0.005649717514124294, -0.5372340425531915, -0.4647058823529412, 0.0, 0.0, -0.29714285714285715, 0.0, -0.34269662921348315, -0.06842105263157895, 0.0, -0.06547619047619048, -0.0273224043715847, -0.20408163265306123]
['xerces, 0.75, weight', -0.11475409836065574, -0.08241758241758242, 0.0, 0.0, -0.6737967914438503, -0.5078534031413613, -0.011428571428571429, -0.30978260869565216, -0.015306122448979591, 0.0, 0.0, -0.021164021164021163, -0.006329113924050633, -0.016483516483516484, 0.0, -0.018292682926829267, -0.2905027932960894, -0.011235955056179775, -0.005917159763313609, 0.0, -0.26704545454545453, -0.011235955056179775, -0.2925531914893617, 0.0]
['xerces, 0.25, weight, iP= 50\\%', -0.13366336633663367, -0.08433734939759036, -0.011299435028248588, -0.1978021978021978, -0.0782122905027933, -0.020689655172413793, -0.06976744186046512, -0.03314917127071823, -0.04395604395604396, -0.18902439024390244, -0.125, -0.018633540372670808, -0.018404907975460124, -0.08064516129032258, -0.03763440860215054, -0.18902439024390244, -0.1686746987951807, -0.05, -0.12359550561797752, -0.06321839080459771, -0.10404624277456648, -0.011299435028248588, -0.021621621621621623, -0.06875]
['xerces, 0.5, weight, iP= 50\\%', 0.0, -0.02717391304347826, -0.11049723756906077, -0.006211180124223602, -0.0425531914893617, -0.028735632183908046, -0.0106951871657754, -0.3423913043478261, -0.15428571428571428, -0.043010752688172046, -0.17045454545454544, -0.00641025641025641, -0.056179775280898875, -0.35233160621761656, -0.16463414634146342, -0.12299465240641712, -0.020512820512820513, -0.011904761904761904, -0.005319148936170213, -0.017341040462427744, -0.005714285714285714, -0.10982658959537572, -0.21951219512195122, -0.03783783783783784]
['xerces, 0.75, weight, iP= 50\\%', 0.0, -0.5121951219512195, -0.1534090909090909, -0.04854368932038835, -0.0374331550802139, -0.1813186813186813, -0.0223463687150838, -0.058823529411764705, 0.0, 0.0, -0.13450292397660818, -0.006369426751592357, -0.005988023952095809, -0.2568306010928962, -0.022857142857142857, 0.0, -0.020618556701030927, -0.041666666666666664, -0.06857142857142857, -0.05714285714285714, -0.08791208791208792, -0.1534090909090909, 0.0, -0.1875]
