['xerces, Baseline', -0.09090909090909091, -0.10695187165775401, -0.08125, -0.08241758241758242, -0.09944751381215469, -0.0797872340425532, -0.10326086956521739, -0.16184971098265896, -0.12849162011173185, -0.10982658959537572, -0.1388888888888889, -0.08235294117647059, -0.10344827586206896, -0.07100591715976332, -0.0481283422459893, -0.12637362637362637, -0.0903954802259887, -0.06951871657754011, -0.03910614525139665, -0.056818181818181816, -0.09146341463414634, -0.1511627906976744, -0.12790697674418605, -0.13756613756613756]
['xerces, 0.25', -0.0055248618784530384, -0.11004784688995216, -0.05527638190954774, -0.024390243902439025, -0.2413793103448276, -0.2795031055900621, -0.16574585635359115, -0.25287356321839083, -0.10404624277456648, -0.17177914110429449, -0.41566265060240964, -0.07975460122699386, -0.08064516129032258, -0.26881720430107525, -0.23979591836734693, -0.08771929824561403, -0.0427807486631016, -0.25280898876404495, -0.1524390243902439, -0.1711229946524064, -0.0972972972972973, -0.4166666666666667, -0.37894736842105264, -0.1878453038674033]
['xerces, 0.5', -0.1676300578034682, -0.550561797752809, -0.005319148936170213, -0.2556818181818182, -0.09659090909090909, -0.13793103448275862, -0.4340659340659341, -0.29473684210526313, -0.15, -0.012121212121212121, -0.15789473684210525, -0.04419889502762431, -0.005747126436781609, -0.47959183673469385, -0.08609271523178808, -0.0213903743315508, -0.02824858757062147, -0.16477272727272727, -0.011627906976744186, -0.005555555555555556, -0.025252525252525252, -0.005917159763313609, -0.030303030303030304, -0.3167701863354037]
['xerces, 0.75', -0.3657142857142857, 0.0, -0.03260869565217391, 0.0, -0.02857142857142857, -0.3160621761658031, 0.0, -0.01675977653631285, -0.041666666666666664, -0.04093567251461988, -0.018292682926829267, -0.2159090909090909, -0.06521739130434782, -0.3544973544973545, -0.0056179775280898875, -0.02127659574468085, -0.10582010582010581, 0.0, -0.0055248618784530384, 0.0, 0.0, -0.6555555555555556, -0.006211180124223602, -0.028735632183908046]
['xerces, 0.25, weight', -0.3375796178343949, -0.3179190751445087, -0.32558139534883723, -0.2441860465116279, -0.0658682634730539, -0.03553299492385787, -0.2087912087912088, -0.19444444444444445, -0.09090909090909091, -0.19760479041916168, -0.29743589743589743, -0.1437125748502994, -0.011695906432748537, -0.22994652406417113, -0.328125, -0.2254335260115607, -0.0111731843575419, -0.006535947712418301, -0.18324607329842932, -0.15609756097560976, -0.07100591715976332, -0.4180790960451977, -0.2538860103626943, -0.4594594594594595]
['xerces, 0.5, weight', -0.20855614973262032, -0.3373493975903614, -0.20930232558139536, -0.034482758620689655, -0.050761421319796954, -0.14124293785310735, -0.1411042944785276, -0.294478527607362, -0.05128205128205128, -0.37244897959183676, -0.04819277108433735, -0.16883116883116883, -0.3229166666666667, 0.0, -0.034653465346534656, -0.03296703296703297, -0.32620320855614976, 0.0, -0.19186046511627908, -0.3553299492385787, -0.2711864406779661, -0.21468926553672316, -0.3804347826086957, -0.25]
['xerces, 0.75, weight', -0.5207100591715976, -0.10982658959537572, -0.006211180124223602, -0.005376344086021506, -0.015625, -0.056818181818181816, -0.2375, -0.44505494505494503, -0.016853932584269662, -0.07471264367816093, -0.010582010582010581, -0.005494505494505495, -0.17714285714285713, -0.2822085889570552, -0.004975124378109453, -0.4744897959183674, -0.0048543689320388345, -0.0064516129032258064, 0.0, 0.0, 0.0, -0.011627906976744186, -0.1864406779661017, -0.2983425414364641]
['xerces, 0.25, weight, iP= 50\\%', -0.062146892655367235, -0.22099447513812154, -0.1164021164021164, -0.24725274725274726, -0.08333333333333333, -0.12716763005780346, -0.15025906735751296, -0.05714285714285714, -0.0893854748603352, -0.1043956043956044, -0.13402061855670103, -0.08860759493670886, -0.06417112299465241, -0.09836065573770492, -0.23157894736842105, -0.16022099447513813, -0.10191082802547771, -0.2840909090909091, -0.11475409836065574, -0.005319148936170213, -0.16483516483516483, -0.16, -0.08024691358024691, -0.03164556962025317]
['xerces, 0.5, weight, iP= 50\\%', -0.1348314606741573, -0.02617801047120419, -0.005154639175257732, -0.18128654970760233, -0.06077348066298342, -0.08426966292134831, -0.015151515151515152, -0.045714285714285714, -0.23497267759562843, -0.1858974358974359, -0.012048192771084338, -0.045454545454545456, -0.0449438202247191, -0.07262569832402235, -0.14942528735632185, -0.1912568306010929, -0.078125, -0.1712707182320442, -0.03225806451612903, -0.1787709497206704, -0.31868131868131866, -0.07653061224489796, -0.19753086419753085, -0.030456852791878174]
['xerces, 0.75, weight, iP= 50\\%', -0.4088397790055249, -0.13333333333333333, -0.11173184357541899, -0.07407407407407407, -0.023121387283236993, -0.05789473684210526, -0.11229946524064172, -0.116751269035533, -0.31547619047619047, -0.09313725490196079, -0.033707865168539325, -0.23699421965317918, -0.006289308176100629, -0.010638297872340425, -0.3058823529411765, -0.02127659574468085, -0.00558659217877095, -0.03867403314917127, -0.23497267759562843, -0.053763440860215055, -0.12994350282485875, -0.06217616580310881, -0.005649717514124294, -0.02564102564102564]
