['Base', 1.0, 1.0, 1.0, 1.0, 1.0, 1.0, 1.0, 1.0, 1.0, 1.0, 1.0, 1.0, 1.0, 1.0, 1.0, 1.0, 1.0, 1.0, 1.0, 1.0, 1.0, 1.0, 1.0, 1.0] , 67.0
['0.25', 0.97014925373134331, 0.97014925373134331, 0.94029850746268662, 0.95522388059701491, 0.97014925373134331, 0.97014925373134331, 0.98529411764705888, 0.97014925373134331, 0.91044776119402981, 0.9850746268656716, 0.95522388059701491, 0.92647058823529416, 0.94029850746268662, 0.94029850746268662, 0.95522388059701491, 0.95588235294117652, 0.97014925373134331, 0.95588235294117652, 0.98529411764705888, 0.97014925373134331, 0.97014925373134331, 0.98529411764705888, 1.0, 0.95522388059701491] , 65.0
['0.5', 0.94029850746268662, 0.82089552238805974, 0.77611940298507465, 0.83582089552238803, 0.76119402985074625, 0.86567164179104472, 0.85074626865671643, 0.83582089552238803, 0.80597014925373134, 0.91044776119402981, 0.83582089552238803, 0.76119402985074625, 0.86567164179104472, 0.79104477611940294, 0.85074626865671643, 0.91044776119402981, 0.80597014925373134, 0.79104477611940294, 0.92537313432835822, 0.94117647058823528, 0.94029850746268662, 0.92537313432835822, 0.76470588235294112, 0.82089552238805974] , 56.0
['0.75', 0.94029850746268662, 0.86567164179104472, 0.65671641791044777, 0.70149253731343286, 0.80597014925373134, 0.86567164179104472, 0.92647058823529416, 0.83582089552238803, 0.77941176470588236, 0.77611940298507465, 0.70149253731343286, 0.74626865671641796, 0.82089552238805974, 0.82089552238805974, 0.75, 0.77611940298507465, 0.76470588235294112, 0.73134328358208955, 0.79411764705882348, 0.82089552238805974, 0.97058823529411764, 0.65671641791044777, 0.67647058823529416, 0.92537313432835822] , 53.5
['0.25-weight', 0.94029850746268662, 0.97058823529411764, 0.92537313432835822, 0.95588235294117652, 0.97014925373134331, 0.95522388059701491, 0.94029850746268662, 0.97014925373134331, 1.0, 0.97014925373134331, 0.9850746268656716, 0.9850746268656716, 0.9850746268656716, 0.97014925373134331, 0.9850746268656716, 0.91044776119402981, 0.98529411764705888, 0.97014925373134331, 0.95522388059701491, 0.8970588235294118, 0.92537313432835822, 0.94117647058823528, 0.94029850746268662, 0.97014925373134331] , 65.0
['0.5-weight', 0.9850746268656716, 0.82089552238805974, 0.86567164179104472, 0.8529411764705882, 0.83582089552238803, 0.89552238805970152, 0.79411764705882348, 0.86567164179104472, 0.79104477611940294, 0.8529411764705882, 0.79104477611940294, 0.77611940298507465, 0.82089552238805974, 0.92537313432835822, 0.89552238805970152, 0.82089552238805974, 0.82089552238805974, 0.83582089552238803, 0.83582089552238803, 0.72058823529411764, 0.86567164179104472, 0.88059701492537312, 0.73134328358208955, 0.77941176470588236] , 56.0
['0.75-weight', 0.70149253731343286, 0.76119402985074625, 0.85074626865671643, 0.61194029850746268, 0.53731343283582089, 0.79104477611940294, 0.74626865671641796, 0.79104477611940294, 0.9850746268656716, 0.92537313432835822, 0.74626865671641796, 0.67164179104477617, 0.9850746268656716, 0.89552238805970152, 0.69117647058823528, 0.68656716417910446, 0.73134328358208955, 0.80597014925373134, 0.75, 0.73134328358208955, 0.88059701492537312, 0.73134328358208955, 0.88059701492537312, 0.70149253731343286] , 50.5
['0.25-weight-B=25\\%', 1.0, 0.9850746268656716, 0.9850746268656716, 0.95522388059701491, 1.0, 0.95522388059701491, 0.9850746268656716, 1.0, 0.97014925373134331, 0.9850746268656716, 1.0, 1.0, 0.9850746268656716, 1.0, 1.0, 1.0, 0.9850746268656716, 1.0, 0.9850746268656716, 0.9850746268656716, 1.0, 1.0, 0.9850746268656716, 0.9850746268656716] , 66.0
['0.25-weight-B=50\\%', 0.8970588235294118, 0.97014925373134331, 0.92537313432835822, 0.97014925373134331, 0.9850746268656716, 0.94117647058823528, 0.9850746268656716, 0.95588235294117652, 0.94029850746268662, 0.9850746268656716, 0.97058823529411764, 0.9850746268656716, 0.94029850746268662, 0.95522388059701491, 0.95522388059701491, 0.97014925373134331, 0.95522388059701491, 0.9850746268656716, 0.95522388059701491, 0.97014925373134331, 0.95522388059701491, 0.95522388059701491, 0.91176470588235292, 0.95522388059701491] , 64.0
['0.5-weight-B=25\\%', 0.95522388059701491, 0.95522388059701491, 1.0, 0.9850746268656716, 0.97014925373134331, 0.97014925373134331, 0.95588235294117652, 0.95522388059701491, 1.0, 0.94117647058823528, 0.9850746268656716, 0.97014925373134331, 1.0, 0.9850746268656716, 0.97014925373134331, 1.0, 0.95522388059701491, 0.97014925373134331, 0.9850746268656716, 0.95522388059701491, 0.97014925373134331, 0.95522388059701491, 0.97058823529411764, 0.95588235294117652] , 65.0
['0.5-weight-B=50\\%', 0.91044776119402981, 0.91044776119402981, 0.83823529411764708, 0.91044776119402981, 0.89552238805970152, 0.97058823529411764, 0.91044776119402981, 0.82089552238805974, 0.97014925373134331, 0.95522388059701491, 0.92537313432835822, 0.85074626865671643, 0.91044776119402981, 0.91176470588235292, 0.79104477611940294, 0.88059701492537312, 0.92537313432835822, 0.91044776119402981, 0.8529411764705882, 0.89552238805970152, 0.95522388059701491, 0.9850746268656716, 0.82089552238805974, 0.92537313432835822] , 61.0
['0.75-weight-B=25\\%', 0.95588235294117652, 0.91044776119402981, 0.9850746268656716, 0.95522388059701491, 0.9850746268656716, 0.9850746268656716, 0.9850746268656716, 0.97014925373134331, 0.91176470588235292, 0.9850746268656716, 0.94029850746268662, 0.9850746268656716, 1.0, 0.95588235294117652, 0.95522388059701491, 0.97058823529411764, 0.88059701492537312, 0.95522388059701491, 0.95522388059701491, 0.80597014925373134, 0.9850746268656716, 0.94117647058823528, 0.97014925373134331, 0.92647058823529416] , 65.0
['0.75-weight-B=50\\%', 0.80882352941176472, 0.82089552238805974, 0.83582089552238803, 0.80597014925373134, 0.83582089552238803, 0.73134328358208955, 0.88059701492537312, 0.86567164179104472, 0.94029850746268662, 0.79104477611940294, 0.82089552238805974, 0.80597014925373134, 0.85074626865671643, 0.92537313432835822, 0.74626865671641796, 0.88059701492537312, 0.83582089552238803, 0.91044776119402981, 0.73134328358208955, 0.89552238805970152, 0.9850746268656716, 0.89552238805970152, 0.85074626865671643, 0.83582089552238803] , 56.0
