['Base', 1.0, 1.0, 1.0, 1.0, 1.0, 1.0, 1.0, 1.0, 1.0, 1.0, 1.0, 1.0, 1.0, 1.0, 1.0, 1.0, 1.0, 1.0, 1.0, 1.0, 1.0, 1.0, 1.0, 1.0] , 175.0
['0.25', 0.92571428571428571, 0.95953757225433522, 0.8554913294797688, 0.96571428571428575, 0.92571428571428571, 0.87428571428571433, 0.92485549132947975, 0.94857142857142862, 0.90173410404624277, 0.81502890173410403, 0.97687861271676302, 0.86705202312138729, 0.88571428571428568, 0.8342857142857143, 0.82658959537572252, 0.93714285714285717, 0.9942196531791907, 0.92571428571428571, 0.89595375722543358, 0.93142857142857138, 0.95999999999999996, 0.76878612716763006, 0.98265895953757221, 0.82080924855491333] , 161.0
['0.5', 0.82080924855491333, 0.80924855491329484, 0.77714285714285714, 0.69364161849710981, 0.81502890173410403, 0.89595375722543358, 0.9028571428571428, 0.94797687861271673, 0.69942196531791911, 0.67428571428571427, 0.81142857142857139, 0.75144508670520227, 0.78857142857142859, 0.67630057803468213, 0.75722543352601157, 0.64739884393063585, 0.66473988439306353, 0.60571428571428576, 0.84571428571428575, 0.8571428571428571, 0.91907514450867056, 1.0, 0.67428571428571427, 0.76571428571428568] , 137.0
['0.75', 0.2742857142857143, 0.81714285714285717, 0.63583815028901736, 0.7142857142857143, 0.68208092485549132, 0.35428571428571426, 0.48571428571428571, 0.67052023121387283, 0.93063583815028905, 0.46285714285714286, 0.87283236994219648, 0.63428571428571423, 0.50285714285714289, 0.69942196531791911, 0.43428571428571427, 0.77456647398843925, 0.83999999999999997, 0.97687861271676302, 0.47976878612716761, 0.51445086705202314, 0.47976878612716761, 0.56000000000000005, 0.59537572254335258, 0.64000000000000001] , 110.5
['0.25-weight', 0.93142857142857138, 0.87428571428571433, 0.82080924855491333, 0.8571428571428571, 0.82658959537572252, 0.95375722543352603, 0.90751445086705207, 0.82285714285714284, 0.98285714285714287, 0.93142857142857138, 0.87428571428571433, 0.93714285714285717, 0.89714285714285713, 0.84571428571428575, 0.84393063583815031, 0.90751445086705207, 0.8342857142857143, 0.89595375722543358, 0.87861271676300579, 0.8571428571428571, 0.81502890173410403, 0.82080924855491333, 0.86127167630057799, 0.88] , 152.5
['0.5-weight', 0.72832369942196529, 0.91329479768786126, 0.90751445086705207, 0.78857142857142859, 0.92571428571428571, 0.94285714285714284, 0.60571428571428576, 0.68571428571428572, 0.73142857142857143, 0.7167630057803468, 0.69942196531791911, 0.79428571428571426, 0.86857142857142855, 0.66857142857142859, 0.72571428571428576, 0.77456647398843925, 0.81714285714285717, 0.5714285714285714, 0.69364161849710981, 0.69942196531791911, 0.76300578034682076, 0.86285714285714288, 0.77714285714285714, 0.74566473988439308] , 130.5
['0.75-weight', 0.98265895953757221, 0.80000000000000004, 0.81142857142857139, 0.36994219653179189, 0.76000000000000001, 0.55428571428571427, 0.64739884393063585, 0.80924855491329484, 0.66857142857142859, 0.50857142857142856, 0.52571428571428569, 0.54285714285714282, 0.7371428571428571, 0.9028571428571428, 0.79428571428571426, 0.63428571428571423, 0.86705202312138729, 0.43428571428571427, 0.77456647398843925, 1.0, 0.7225433526011561, 0.69714285714285718, 0.84571428571428575, 0.83815028901734101] , 131.0
['0.25-weight-B=25\\%', 0.98285714285714287, 0.97687861271676302, 0.97687861271676302, 0.98285714285714287, 0.97109826589595372, 0.97109826589595372, 0.98285714285714287, 0.97714285714285709, 0.96571428571428575, 0.98843930635838151, 0.98843930635838151, 0.99428571428571433, 0.97109826589595372, 0.99428571428571433, 0.98843930635838151, 0.98285714285714287, 0.98843930635838151, 0.99428571428571433, 0.9942196531791907, 1.0, 0.97687861271676302, 0.98843930635838151, 0.98857142857142855, 0.97142857142857142] , 171.0
['0.25-weight-B=50\\%', 0.93063583815028905, 0.93641618497109824, 0.94797687861271673, 0.97714285714285709, 0.94285714285714284, 0.95953757225433522, 0.95428571428571429, 0.93714285714285717, 0.95953757225433522, 0.97109826589595372, 0.95953757225433522, 0.96531791907514453, 0.94219653179190754, 1.0, 0.96571428571428575, 0.96531791907514453, 0.94219653179190754, 0.98843930635838151, 0.9942196531791907, 0.98265895953757221, 0.96531791907514453, 0.98285714285714287, 0.97109826589595372, 0.97687861271676302] , 167.0
['0.5-weight-B=25\\%', 0.97109826589595372, 0.97109826589595372, 0.98285714285714287, 0.97687861271676302, 0.99428571428571433, 1.0, 0.97142857142857142, 0.97687861271676302, 0.98857142857142855, 0.97687861271676302, 0.98843930635838151, 0.97714285714285709, 0.98285714285714287, 0.98285714285714287, 0.96571428571428575, 0.97687861271676302, 0.98265895953757221, 0.98843930635838151, 0.96571428571428575, 0.95953757225433522, 0.98265895953757221, 0.96571428571428575, 0.9942196531791907, 0.98285714285714287] , 170.0
['0.5-weight-B=50\\%', 0.95953757225433522, 0.94219653179190754, 0.98265895953757221, 0.92571428571428571, 0.92485549132947975, 0.98265895953757221, 0.92000000000000004, 0.89142857142857146, 0.93641618497109824, 0.92571428571428571, 0.95999999999999996, 0.88, 0.84393063583815031, 0.98265895953757221, 0.90751445086705207, 0.90751445086705207, 0.87428571428571433, 0.97142857142857142, 0.94857142857142862, 0.90857142857142859, 0.93142857142857138, 0.85142857142857142, 0.98285714285714287, 0.86127167630057799] , 162.0
['0.75-weight-B=25\\%', 0.97687861271676302, 0.97714285714285709, 0.96531791907514453, 0.97714285714285709, 0.98265895953757221, 0.92571428571428571, 0.94857142857142862, 0.98265895953757221, 0.96571428571428575, 0.95999999999999996, 0.97687861271676302, 0.95953757225433522, 0.95999999999999996, 0.96531791907514453, 0.97687861271676302, 0.9942196531791907, 0.97109826589595372, 0.97687861271676302, 0.96571428571428575, 0.95428571428571429, 0.95999999999999996, 0.95428571428571429, 0.97687861271676302, 0.94285714285714284] , 168.5
['0.75-weight-B=50\\%', 0.90751445086705207, 0.88571428571428568, 0.76300578034682076, 0.74857142857142855, 0.7167630057803468, 0.8497109826589595, 0.98265895953757221, 0.66285714285714281, 0.77456647398843925, 0.89017341040462428, 0.84393063583815031, 0.79190751445086704, 0.81714285714285717, 0.87428571428571433, 0.83236994219653182, 0.81502890173410403, 0.91907514450867056, 0.96531791907514453, 0.92571428571428571, 0.81714285714285717, 0.95953757225433522, 0.98265895953757221, 0.8497109826589595, 0.80346820809248554] , 146.5
