['Base', 1.0, 1.0, 1.0, 1.0, 1.0, 1.0, 1.0, 1.0, 1.0, 1.0, 1.0, 1.0, 1.0, 1.0, 1.0, 1.0, 1.0, 1.0, 1.0, 1.0, 1.0, 1.0, 1.0, 1.0] , 240.0
['0.25', 0.91914893617021276, 0.87857142857142856, 0.88936170212765953, 0.95918367346938771, 0.80208333333333337, 0.92592592592592593, 0.96506550218340614, 0.96739130434782605, 0.89583333333333337, 0.74242424242424243, 0.83529411764705885, 0.90756302521008403, 0.98989898989898994, 0.79262672811059909, 0.93999999999999995, 0.86633663366336633, 0.95833333333333337, 0.89270386266094426, 0.87610619469026552, 0.87362637362637363, 0.93478260869565222, 0.92307692307692313, 0.92727272727272725, 0.83842794759825323] , 204.0
['0.5', 0.86243386243386244, 0.74736842105263157, 0.93048128342245995, 0.90500000000000003, 0.71300448430493268, 0.82499999999999996, 0.55276381909547734, 0.77848101265822789, 0.91479820627802688, 0.91093117408906887, 0.9181034482758621, 0.79508196721311475, 0.9509803921568627, 0.79668049792531115, 0.58403361344537819, 0.82547169811320753, 0.76000000000000001, 0.76264591439688711, 0.83636363636363631, 0.78486055776892427, 0.81308411214953269, 0.66812227074235808, 0.61325966850828728, 0.92391304347826086] , 178.0
['0.75', 0.82352941176470584, 0.54545454545454541, 0.58992805755395683, 0.74285714285714288, 0.44351464435146443, 0.92883895131086147, 0.85576923076923073, 0.61224489795918369, 0.52100840336134457, 0.88432835820895528, 0.86713286713286708, 0.85321100917431192, 0.86872586872586877, 0.83710407239819007, 0.7142857142857143, 0.66666666666666663, 0.70666666666666667, 0.72549019607843135, 0.68609865470852016, 0.67692307692307696, 0.8282442748091603, 0.39035087719298245, 0.82867132867132864, 0.82352941176470584] , 177.0
['0.25-weight', 0.92248062015503873, 0.82105263157894737, 0.92270531400966183, 0.91935483870967738, 0.91666666666666663, 0.93089430894308944, 0.79238754325259519, 0.87922705314009664, 0.85551330798479086, 0.83582089552238803, 0.91497975708502022, 0.9346938775510204, 0.97769516728624539, 0.88796680497925307, 0.93486590038314177, 0.82786885245901642, 0.88177339901477836, 0.97499999999999998, 0.85245901639344257, 0.96370967741935487, 0.95102040816326527, 0.90225563909774431, 0.90458015267175573, 0.88429752066115708] , 227.0
['0.5-weight', 0.74475524475524479, 0.89189189189189189, 0.77272727272727271, 0.84341637010676151, 0.72727272727272729, 0.89273356401384085, 0.75, 0.7142857142857143, 0.50936329588014984, 0.83098591549295775, 0.74698795180722888, 0.94736842105263153, 0.86864406779661019, 0.88771929824561402, 0.79245283018867929, 0.76029962546816476, 0.97407407407407409, 0.83870967741935487, 0.71361502347417838, 0.68442622950819676, 0.81454545454545457, 0.95817490494296575, 0.87900355871886116, 0.80408163265306121] , 209.0
['0.75-weight', 0.57070707070707072, 0.88326848249027234, 0.76978417266187049, 0.38912133891213391, 0.88405797101449279, 0.39901477832512317, 0.65865384615384615, 0.74809160305343514, 0.5670103092783505, 0.82127659574468082, 0.59166666666666667, 0.79003558718861211, 0.74742268041237114, 0.72340425531914898, 0.59459459459459463, 0.5719557195571956, 0.37826086956521737, 0.765625, 0.92452830188679247, 0.72426470588235292, 0.44162436548223349, 0.8592057761732852, 0.45064377682403434, 0.84671532846715325] , 151.0
['0.25-weight-B=25\\%', 0.97318007662835249, 0.97887323943661975, 0.95939086294416243, 0.93650793650793651, 0.98287671232876717, 0.95901639344262291, 0.95871559633027525, 0.90452261306532666, 0.99239543726235746, 0.97402597402597402, 0.9242424242424242, 0.95238095238095233, 0.95652173913043481, 0.949238578680203, 0.94786729857819907, 0.98496240601503759, 0.83809523809523812, 0.98206278026905824, 0.97285067873303166, 0.94893617021276599, 0.98604651162790702, 0.96174863387978138, 0.95847750865051906, 0.9692982456140351] , 220.5
['0.25-weight-B=50\\%', 0.97222222222222221, 0.94392523364485981, 0.96539792387543255, 0.97212543554006969, 0.95934959349593496, 0.97107438016528924, 0.77966101694915257, 0.97297297297297303, 0.9438202247191011, 0.84615384615384615, 0.97991967871485941, 0.85253456221198154, 0.86614173228346458, 0.9285714285714286, 0.93798449612403101, 0.94399999999999995, 0.95348837209302328, 0.996, 0.96506550218340614, 0.93906810035842292, 0.87142857142857144, 0.83783783783783783, 0.95517241379310347, 0.90612244897959182] , 235.5
['0.5-weight-B=25\\%', 0.96638655462184875, 0.9641255605381166, 0.98091603053435117, 0.96279069767441861, 0.83027522935779818, 0.9570815450643777, 0.95744680851063835, 0.95634920634920639, 0.95358649789029537, 0.89156626506024095, 0.97909407665505221, 0.98015873015873012, 0.98220640569395012, 0.99621212121212122, 0.98257839721254359, 0.9273356401384083, 0.93442622950819676, 0.93675889328063244, 0.94628099173553715, 0.97975708502024295, 0.95804195804195802, 0.98867924528301887, 0.96389891696750907, 0.97482014388489213] , 244.5
['0.5-weight-B=50\\%', 0.95327102803738317, 0.89818181818181819, 0.93442622950819676, 0.82876712328767121, 0.97047970479704793, 0.70999999999999996, 0.7857142857142857, 0.92653061224489797, 0.79802955665024633, 0.94377510040160639, 0.93717277486910999, 0.9718875502008032, 0.96969696969696972, 0.88888888888888884, 0.85407725321888417, 0.90707964601769908, 0.83333333333333337, 0.90308370044052866, 0.81034482758620685, 0.97991967871485941, 0.78745644599303133, 0.93582887700534756, 0.84888888888888892, 0.73015873015873012] , 204.5
['0.75-weight-B=25\\%', 0.9377431906614786, 0.94142259414225937, 0.91269841269841268, 0.97212543554006969, 0.89054726368159209, 0.89344262295081966, 0.96466431095406358, 0.93706293706293708, 0.80334728033472802, 0.98194945848375448, 0.90673575129533679, 0.92988929889298888, 0.99156118143459915, 0.97826086956521741, 0.95909090909090911, 0.94615384615384612, 0.89805825242718451, 0.93536121673003803, 0.92164179104477617, 0.93723849372384938, 0.94174757281553401, 0.88888888888888884, 0.91191709844559588, 0.9049586776859504] , 225.0
['0.75-weight-B=50\\%', 0.66826923076923073, 0.81297709923664119, 0.85308056872037918, 0.78770949720670391, 0.8037037037037037, 0.80327868852459017, 0.54335260115606931, 0.85116279069767442, 0.8125, 0.8954545454545455, 0.60273972602739723, 0.75565610859728505, 0.70142180094786732, 0.65317919075144504, 0.75091575091575091, 0.78707224334600756, 0.9285714285714286, 0.83919597989949746, 0.64150943396226412, 0.86619718309859151, 0.75336322869955152, 0.68518518518518523, 0.60919540229885061, 0.82627118644067798] , 181.0
