wmc,0.118452380952,0.0616071428571,0.193229166667
dit,0.192439722749,0.106910957083,0.335433127848
noc,0.0,0.0,0.0
cbo,0.035140852512,0.0189590268558,0.0562846109781
rfc,0.0817291805872,0.0371496275396,0.207109173533
lcom,0.0436032848708,0.0298792039601,0.0643441731637
ca,0.00838861753996,0.00447392935464,0.0150995115719
ce,0.163824206291,0.111532104729,0.249575939271
npm,0.0833341032611,0.0468754330844,0.138022108526
lcom3,0.0293395875135,0.0153371299891,0.0757609072714
loc,0.0707540348414,0.0348554447185,0.191203756551
dam,0.293267055152,0.189145626073,0.293267055152
moa,0.0618577110016,0.0383454688097,0.142020254851
mfa,0.266139779552,0.231370306096,0.361551207771
cam,0.0575369680771,0.0282382892798,0.240740713794
ic,0.0817932108782,0.0613449081587,0.224931329915
cbm,0.0298572193606,0.0170612682061,0.102367609236
amc,0.0,0.0,0.0
max_cc,0.0426722176264,0.0222637657181,0.0935619293356
avg_cc,0.0757265786257,0.0313213564375,0.1745315371
